#Example: Large parts of Africa and south east Asia
tropical = {
# Southwest Africa
1164 1165 1166 1168 1169 1901 1171 1172 4081
4093 4085
1170 1167
# North and West Africa
1114 1117 1118 1119 1120 1121 2251 1124 1125
1126 1136 1137 1138 1139 1140 1141 1143 1144 1145 1146 1147
1149 1150 1151 1152 1153 1154 1155 1160 1161 1162 1163 1249
# More West Africa
2238 2242 2248 2250 2252 2254 2256 2258 2266 2278 2280 2286 2290 2292
2241 2249 2253 2255 2257 2267 2281 2283 2285 2289 2291 2293 2295
# Africa
788 1182 1183 1184 1185 1186 1187 1188 1189 1190 1191 1192 1193 4022 1195 1196 4072 4056 1199 1200 1201 1202 2950 2951 2952
# India
527 529 530 531 533 542 543 546 547 548 549 552 553 561 564 568 570 572 573 574 580
1946 1947 2028 2029 2030 2033 2034 2036 2037 2038 2039 2041 2043 2048 2049 2050 2057 2080 2083 2084 2089 2090 2091 2092 2099 2100
#China
660 663 664 666 738 2155 2159 2160 2161 2162 2163 2164 2165 2166
# Pacific Islands
1235 1236 1237 1238 1239 1240 1241 1242 1243 1244 1245 1792 1986 1987 1988 1989 1990 1991 1992 1993 1994 1995 1996
1997 1998 1999 2718 2719 2720 2721 2722 2723 2724
# Indonesia
617 618 619 620 621 622 623 624 625 626 627 628 629 630 631 632 633 634 635 636 637 638 639 640 641 642 643 644
645 646 647 648 649 650 651 652 653 654 655 656 657 658 2686
2371 2372 2373 2374 2375 2376 2377 2378 2379 2380 2381 2382 2383 2384 2385 2386 2387
2388 2389 2390 2391 2392 2393 2394 2395 2396 2397 2398 2399 2400 2401 2402 2403 2404
#More Indonesia
2673 2674 2675 2676 2677 2678 2680 2681 2682 2684 2685 2687 2688 2689 2690 2691 2692
2693 2695 2696 2697 2698 2699 2700 2701 2702 2703 2704 2705 2706 2707 2708 2709 2710 2711 2712
2714 2715 2716 2717 2725
# Parts of Australia
2728 2729 2730 2731
# Amazonas and others
747 748 758 800 803 815 821 822 2811 2815 2816 2823 2830 2832 2833 2888 2889 2890 2900 2901 2902 2903 2904 2905 2906 2923 2929 2930 2931 2933 2934 2935 2943 2944 2926 2928 2945 2854 2878 2882 2883
2857 2879 2884 2887 #Rio Grande
759 765 2891 2892 2894 2898 2899 #Minas Gerais
2907 2908 2909 2910 2911 2919 #Goias
2881 2893 2920 #Mato Grosso
766 768 769 2895 2896 2897 #Sao Paolo
756 757 760 761 2914 2916 #Bahia
749 752 2886 2924 2925 2927 #Maranhao
742 743 834 2803 2804 2805 2809 2810 2939 #Venezuela
744 745 746 2937 2938 #Guyana
776 799
# South East Asia
582 606 607 608 609 610 611 612 613 614 615 616 1844
567 579 581 583 584 585 586 587 588 589 590 591 592 593 594 595 596 597 598 599
600 601 602 603 604 605 1016 1823 1817 1022 1815
# Wasteland
1789 1796 1797 1273 4040 4050 1802 1803 2740

538 2098 560 818 2812 2085 1949 1950 3062 2032 2031 2819 2814 2918
2936 3034 3078 3077 3035 2082 3079 1122 1125 3007 3059 3033 3022 3021 3019 3064 3020 3063 3023 3047 3060 3120
4079 3075 3076 3024 3032 3028 4074 4064 4054 3018 3069 4090 4088 4099 4107 4101 4070 4067 4061 4055
4058 4073 1198 1197 4094 3068 3015 4102 4104 4108 3016 4037 4038 3017 2713 659 2679 2683 4473 3101
3102 3103 4028 4025 4030 3112 2294 3213 3214 3215 3216 3217 2949 2948 798 4083 4082 4084 4087 4086 4089 4091 4092 4095 4098 4096 4097
4105 4109 4068 3218 4100 4103 4106 4046 4047 4039 4034 4048 4035 4036 4049 4043 4042 4041 4077 4044
4045 4076 4071 4069 4063 4057 4059 4066 4065 4075 4062 4053 4060 1798 4784 3226 3219 3221 3222 3223
3228 3229 3230 3231 3232 3233 3234 1194 4031 4023 4021 4024 4027 4026 4032 4029 1800 4080 3237 4078 3238
3239 3240 4348 4349 4350 4351 4352 4353 4354 4355 4356 4805 4393 4394 4395 4396 4397 4398 4399 4404 4405
4406 4407 4408 4409 4412 4414 4418 4419 4420 4421 4422 4423 4425 4426 4427 4429 4430 4431 4432 4433
4439 4441 4442 4443 4444 4445 4446 4447 4448 4450 4451 4452 4460 4470 4471 4474 4475 4476 4477 4478
4596 4605 4608 4613 4614 4615 4617 4790 4791 4792 4793 4794 4795 4796 4797 4798 4799 4800 4801 4802
4803 4804 4805 4806 4807 4808 4809 4810 4811 4812 4813 4814 4815 4816 4817 4818 4819 4820 4820 4821
4822 4823 4824 4825 4826 4827 4828 4829 4830 4831 4832 4833 4834 4835 4836 4837 4838 4839 4840 4841
4842 4843 4844 4845 4846 4934 4935 4936 4937 4938 3261 3264 3265 3266 3269 3270 3271 3272 3273 3276
}

arid = {
# Persia
432 433 434 435 438 447 455 575 576 577 2230 2232 2233 2234

# Arabia
390 391 392 393 403 404 394 383 384 385 386 389 402 380 381 2327 2328 2329 2330 2331 2332 2335 2336 2337 2338 2339 2340 2343 2344 2345 2347

# Wasteland
1779 1793 1794 1795 1786 1790 1791 2334

# North Africa
346 347 349 350 351 352 353 355 357 365 1111 1128 1131 1132 1133 1134 1135 1127 2318 2320 2321 2322 2323 2324 2325 2326 2448 2449 2450 2451 2452 2453 2456 2457 2458 2460 2472 2475 2474

#The Sahel
1112 1113 1115 1116 1123 1129 1130 1142 1148 1156 1157 1158 1159
2237 2240 2243 2244 2245 2246 2247 2259 2260 2261 2262 2263 2264 2265 2268 2269 2270 2271 2272 2273 2274 2275 2276 2277 2279 2282 2284 2287 2288 2239

# East Africa
774 1216 1219 1221 1233 1231 1232 1234 1203 1204 1205 1206 1207 1208 1209 1210 1211 1212 1213 1214 1215 1217 1218 1220 1222 1223 1224 1225
1226 1227 1228 1229 1230 2024
2770 2771 2772 2762 2763 2769 2768 2791 2760 2761
2758 2759 2766 2767 2778 2779 2792 2787 2789 2790
2764 2765 2932
2756 2757 2773 2774 2775 2776 2777 2780 2781 2782 2783 2784 2785 2786 2788 2793 2794 2795 2796 2797 2798 2799 2800 2801 2802

# Namibia
1173 1174 1175 1176 1801 2856 2864 2880

# Central Asia 
437 1784 4210 2349 2350 2363

#Tarim Basin
707 710 711 712 739 2121 2122 2123 2124 2192

# India
503 512 513 514 2088 2064 2066

# Northern Mexico
862 863 864 865 866 867 876 877 878 879 880 881 882 1808 1809 2009 889 890 891 885 859 860 861

# North America changes
875 2476 2478 2491 2492 2493 2494 2495 2497 2498 2500 2616 2618 2620 2666 2667

#Australia
2726 2727

#Patagonia
780 781 782 786 2863 2868 2869 2870 2875 2876

#Southern Pampas
779 2860 2861 2865 2866

348 354 356 401 4272 439 443 2127 469 470 471 477 721 722 3036 3037 3038 3039 3040 2490 2496 3058 3067 3014 3066 3065 452 2231 3013 1925 3027 2464 3074
3030 3025 3072 2471 3026 3073 4569 3029 3031 1110 3006 2342 3044 2736 3056 3048 3045 2125 2068 2229
701 2747 709 720 723 1970 2216 2222 427 2235 436 2224 2370 2365 2367 2351 2352 2346 2114 2463 2871 2191 2117 2193 2506 2839
3053 3054 3055 3052 3051 3050 3049 3122 3145 2361 3259 3263 2360 706
1854 2220 2341 405 3211 4051 4052 1799 3220 3224 3225 4782 3227 3235 3268 3274 4033 4158 4203 4204 4206 4207 4209 4223 4268 4269
4270 4271 4273 4274 4275 4277 4278 4281 4282 4283 4284 4285 4286 4287 4323 4328 4334 4336
4502 4506 4507 4172 4567 2466 3251 3252 3253 4321 4577 4606 4628 4629 4630 4631 4632 4633 4634 4635 4636 4639 4644
4646 4648 4649 4650 4669 4670 4671 4673 4674 4676 4677 4680 4682 4693 4847 4848 4849 4862 4865 4866 4867 4941
}

arctic = {
# Siberia
1034 1035 1036 1037 1038 1039 1040 1041 1042 1043 1044 1045 1046 1047 1051 1052 1054 1055 1059 1061 1062 1064 1067 1068 1069
1070 1071 1072 1073 1074 1075 1076 1077 1078 1080 1963 1964 1033 1032 2427 2425 1780 2445 2428 2429 2433 2430 2432 2443
2431 2436 2442 2437 2435 2446 2438 2439 2440

# North America
977 978 979
996 997 998 999 1004 1005 1006 1009
2591 2594 2592 2579 2577 2576 2578 2575 2574 2593

#Tibet & Manchuria
705 4658 2102 2129 2134 3275

# Wasteland
1781 1782 1783 1787 1804 1805 1806 1807 1810 1811 1812 1814

# The Cold North
370 371 1104 1105 21 18 1777 1776 315 1955 313

2025 3041 3042 3043 2426 2128 4522 1048 2612 2611 3099 4114 4152 1813 2595 2599 2600 2601 2603 2604 2605
3046 3105 3106 3107 3108 3109 3110 3111 3114 4657 3262
4205 4257 4514 4515 4516 4518 4519 4520 2103 4659 4690 4691 4925 4926 4927
}

#Example: Most of Europe north of med.
mild_winter = {
# Scandinavia
6 12 13 14 15 26 1981 1982 1983 1984
# German North Sea Coast
44 54 55 1775 1931
# The Low Countries
87 88 89 90 91 92 93 94 95 96 97 98 99 100 1742 1743 1744 1866 1865 1878
# North and West of France
167 168 169 170 171 172 173 174 175 177 178 179 180 181 182 183 184 185 186 187 188 189 190 191 192 193 194 195 196
198 199 203 204
# North Coast of Spain
206 207 209 1745
# Northern Italy
103 104 107 108 111 1769 1862 1875
# England
4373 234 235 236 237 238 239 240 241 242 243 244 245 1860 1861
# Border with the Med
139 140 141 4704 152 1765 1766
# Black sea coast
159 282 284 285 286 287 1764 2406 2410 2411 2412 2413 2414 2447
# Central Anatolia
322 323 324 326 329 411 1846 1848 2300 2301 2303 2307
# Central Iran
413 414 415 416 417 2308 419 420 421 424 425 426 427 428 429 432 433 435 436 446 447 577
# Border of Steppe
437 438 439 440 441 442 443 454 455 457 456 464 2349 2356 2362 2363 2370 2416 2417 2350
# Greater China region
678 689 693 695 696 697 698 699 700 701 703 704 708 709 713 715 726 1816 2112 2115 2120 2131 2132 2133 2135 2136 2138
2169 2170 2177 2179 2180 2181 2182 2183 2184
# Hilly bits of Northern India
2069
# Wintery bits of the west coast
871 872
# West coast of Japan
885 891 892 896 899 918 934 935 936 937 939 940 948 941 950
1023 1024 1025 1026 1826 1831 1837
# Wasteland
1808 1786
#
1774 129 131 1828 1827 1974 1973 1970 1969 1879 1877
# Persian Additions
2195 2199 2202 2205 2206 2207 2208 2210 2211 2212 2213 2214 2216 2217 2218 2220 2222 2223 2224 2229 2230 2232 2234 2235 2236
# North America changes
894 897 952 2496
2479 2480 2477 2481
2509 2514 2515 2520 2523 2524 2525 2526
2545 2548

138 197 212 2221 458 509 511 2134 3275 707 710 711 712 732 2694 739 2940 804 807 878 938 1027 1028 1085 1087 1109 1246
1756 4210 1835 1843 1967 4706 4381 2078 706 2113 734 2744 2743 2746
2829 795 2946 797 2831 781 780 2868 2863 2867 2847 2836 2837
2735 2734 2738 2124 2121 2192 2123 2122 2482 2527 2544 2547 3039 2974 2975 2973 2979 2991
3000 3002 3004 3008 3010 3037 3113 4695 4697 4739 4752 4755 4756 4757 4764 4766 4768 4769 4770 4776 4777 3142 3144 3212 4785
4130 4111 4112 4131 4141 4142 4149 4165 4171 4176 4188 4191 4192 4194
4195 4198 4204 4206 4207 4208 4209 4223 4232 4239
4293 4294 4295 4296 4300 4304 4307 4308 4310 4311 4312 4313 4314 4315 4324
4325 4326 4328 4329 4330 4331 4334 4335 4336 4337 4339 4340 4341 4342 4345 3243
4366 4367 4368 4369 4370 4371 4372 233 4374 4375 4376 4382 4383 4384 4385
4386 4387 4388 4389 4390 4391 4392 4449 4483 4484 4485 4491 4493 4492 3247 150 3250 4554
4652 4672 4693 4868 4869 4877 4878 4879 4886 4887 4888 4904 4907 4908 4921 4923
}

#Example: Inland Europe & Scandinavia
normal_winter = {
# Scandinavia
1 2 3 4 5 7 8 9 16 17 22 23 24 25 27 28 29 34 35 36 37 38 39 1930 1985
# The Baltic Coast
40 41 42 43 45 2996 2994 2995 767 770 771
# Inland Germany
49 50 51 2964 53 56 57 58 59 60 61 62 63 2957 65 66 67 68 69 70 71 72 74 75 76 77 78 79 80 81 82 83 84 85 86 1757 1758 1759 1760
1761 1762 1763 1858 1857 1859 1874 1876 1880
# Austria and the Balkans
133 134 135 153 154 155 156 157 158 160 161 162 1767 1770 1772 1863 1864
# Scotland
246 247 248 249 250 251 252 253
# Poland and Lithunania
254 255 256 257 258 259 260 261 262 263 264 265 266 267 269 270 271 272 273 274 275 276 277 278 279 280 281 283 288 289 290 2424
291 292 1771 2407
# Ireland
372 373 374 4118 376
# The not quite so cold parts of the Steppe
465 466 467 468 469 470 471 472 473 474 475 476 477 478 479 480 2359 2364 2409 2441 2444
# Mountains in Afghanistan
444 445 450 453
#Mongolia
459 461 702 714 720 722 723 725 728 730 1050 2108 2109 2110 2111 2114 2117 2118 2119 2125 2126 2187 2188 2190 2191 2747
# Siberia
1032 1033 1056 1057 1060 1063 1065 1852 1031 2434
# Cold bits of the west coast
889 890 898 902 915 943 946 947 949 951 954 955 956 957 958 959 960 961 962 963
964 965 966 967 968 969 970 982 983 984 985 989 1847
#
1954 1951 1952 1953 1940 1939 1841 1938 1935 1936 1937 1842 1834 1960 1941 1942 1943 1944 1945 1965 1966 1968
1971 953 2011 2023 2010 2013
# Persian Additions
449 2196 2197 2204 2215 2227 2228
# Eastern Anatolia
331 2305 2306 418
# Modified NA
873 874 972 973 900 916 917 942 944 987 993 2485 2484 2584 2670
2513 2519 2549 2550 2551 2552 2553 2554 2555 2556 2557 2558 2560 2561 2562 2566 2568 2569 2570

110 128 132 176 210 211 2405 460 578 718 2870 2869 782 783 784 785 2845 791 2355 1095 2106 1868 1872 268 508 2077 2365 2367 2366 2369 2357 2354 2360
2368 2361 2358 2352 2351 2353 2742 1850 2873 2874 2875 2871 2872 2877 2843 2420
2997 3061 1978 1979 2639 3040 3038 3036 705 2193 2415 2876 2752
2963 48 2969 2966 2958 3100 64 2956 2955 2971 2972 2967 2968 2970 1318 2960 2959 2961 2962 2998 2965 52
46 47 2993 2987 2839 3123 4694 4707 4708 4709 4711 4712 4713 4714 4715 4716 4717 4718 4720 4723 4724 4725
4726 4727 4741 4742 4743 4744 4745 4746 4747 4748 4749 4751 4759 4760 4761 4762 4765 4767 4771 4772 4773 4774 4775 4778 3147 4786
4119 4120 375 4121 4380 4110 4125 4126 4127 4128 4123 4115
4143 4144 4145 4163 4164 4166 4173 4193 4200 4201 4202 4203 4221 4236 4237 4238 4240
4241 4242 4244 4246 4247 4299 4302 4303 4305 4338 4343 4344 4361 4362 4363 4364 4365 4377 4378 4379 4402
4523 4524 4525 4526 4527 4528 4529 4530 4531 4532 4533 4534 4535 4536 4537 4538 4539 4540 4541 4542 4543 4544 4545 3249
4653 4661 4669 4670 4671 4673 4674 4675 4676 4677 4678 4680 4681 4682 4683 4684 4685 4686 4687 4688 4689 4692 4872 4874 
4875 4876 4889 4891 4892 4903 4905 4906 4912 4914 4922 4924 4941
}

#Example: Russia & Lappland
severe_winter = {
# Scandinavia
10 11 18 19 20 21 30 31 32 33
# The Alps
73 165 166 205 1768 1867 1869 1870 1871 1873
# Mother Russia
293 294 295 296 297 298 299 300 301 302 303 304 305 306 307 308 309 310 311 312 313 314 315 1752 1753 1754 1755 1776 1777 1778 2408 2102 4658 2749
# The Cold North
369 370 371 1104 1105
# Hindukush & Afghanistan
448 451 452
# India
554 557 565 1788 2070 2073 2074 2071
# Siberia
1034 1035 1036 1037 1038 1039 1040 1041 1042 1043 1044 1045 1046 1047 1051 1052 1054 1055 1059 1061 1062 1064 1067 1068 1069
1070 1071 1072 1073 1074 1075 1076 1077 1078 1079 1080 1081 1082 1083 2418 2419 2421 2422 2423 2425 1780 2427
2428 2429 2433 2445 2432 2443 2430 2431 2436 2437 2442 2435 2446 2438 2439 2440
# The Caucasus
422 423 462 463 1856
# Manchuria & Mongolia & Xinjiang
716 717 719 721 724 727 729 731 1049 1066 1053 1058 2104 2105 2107 2116 2127 2185 2186 2189
# Tibet
677 2130
# Alaska
974 975 976 977 978 979 1809 901 903 904 906 907 908 909 910 911 912 945 988 990
991 992 986 994 995 996 997 998 999 1000 1001 1002 1003 1004 1005 1006 1007 1008 1009 1010 1011
# Wasteland
1781 1782 1783 1804 1805 1806 1807 1810 1811 1812 2595 1814 1784 1787 4522
#
1961 1959 1957 1956 1958 1955 1964 1962 1963 1972
2003 2004 2005 2006 2007 2008 2018 2017 2015 2016 2022
# Persian Additions
2198 2201 2203 2225 2226
# North America additions
913 914 971 980 981
905 2025 2019 2020 2506 2009 2012 2565 2483 2486 2487 2488 2501 2502 2503 2504 2505 2507 2508 2510 2511 2512 2517 2518 2521 2522 2559 2563
2564 2567 2571 2572 2582 2583 2580 2579 2577 2576 2578 2573 2575 2574 2581 2585 2586 2587 2588 2589 2590 2591 2489 2490
2592 2593 2594 2596 2597 2598 2599 2600 2601 2602 2603 2604 2605 2606 2607 2609 2610 2611 2612 2613 2625 2671 2672
3041 999 1813 3042 3043 4113 2426 2128 2129 676 1048 3046 3099 3105 3106 3107 3108 3109 3110 3111 3114 3115 3116 3117 3262
4710 4719 4721 4722 4740 4758 3141 4657 4157 4159 4160 4161 4162 4153 4763 4122 4116 4114 4124 4117 4129 4152 4151 4147 4148
4205 4214 4215 4216 4217 4218 4219 4220 4222 4243 4245 4248 4249 4250 4251 4252 4253 4254 4255 4256 4257 4258 4259 4260
4261 4262 4263 4264 4265 4266 4267 4301 4306 4481 4482 4514 4515 4516 4517 4518 4519 4520 4521 4401 4400 2194 1785 4403 4155 4156
4170 4654 4655 4656 2103 4659 4660 4662 4663 4664 4665 4666 4667 4668 4679 4690 4691 4871 4873 4890 4893 4894 4895 4896 4897 4898 
4899 4900 4901 4902 4915 4916 4917 4918 4919 4920 4925 4926 4927 4930 4931 4932 4933 4940
}

mild_monsoon = {
2026 4415 4416 # Tanjore
4408 4407 2100 4409 # Lanka
538 2085 4414 # Kongu
539 540 1947 2027 4417 # South Carnatic
2083 4418 4419 4420 # North Carnatic
533 2031 4421 4422 4426 # Mysore
541 1949 2090 4423 4424 # Rayalaseema
532 2033 4428 # Raichur Doab
542 2037 4436 4439 # Golconda
569 1948 2035 4435 # Maidan
544 545 4432 4433 4437 # Ahmednegar
515 521 2052 4454 4455 # Saurashtra
527 4434 4453 # Khandesh
510 2065 4411 4463 # Sirhind
507 2075 2076 4510 4513 # Lahore
518 2058 2087 4501 4462 # Mewar
586 4399 # Lower Burma
4394 4396 585 4395 # Central Burma
2398 580 4393 2397 # Chindwin
583 588 2400 4397 4406 # Shan Hills
587 2401 4398 # Karenni
600 603 2388 2389 # Central Thailand
601 602 1817 589 # Northern Thailand
617 2673 # Aceh
609 2378 # Cambodia
605 2376 # Mekong
652 653 4354 # West Mindinao
1025 1026 4131 4192 # Tohoku
1014 1818 4182 # Kyushu
1017 1019 1825 4184 # Sanyodo
1845 # Pyongyan
671 2174 # Hunan
682 2172 4197 # Hubei
686 2146 2147 # south Anhui
685 1821 1822 2145 # South Jiangsu
1113 1116 # Jolof
1120 1121 1124 2248 # Manding
1123 2249 2250 # Massina
1134 # Jenne
1135 1136 1137 2265 2266 # Lower Volta
1150 1154 2278 2293 # Zazzau
1148 1149 2279 # Katsina
1155 2280 2281 # Kano
1142 2270 # Dendi
2245 # Wagadu
1157 1160 2282 2283 2284 # Bornu
1158 1159 2286 2287 2288 # Kanem
4080 # Kongolese Coast
1098 1168 1171 1167 # Angola
2948 4082 4084 # Matamba
4083 4087 4091 4092 4093 # Kasai
4094 4095 4107 # Chokwe
4104 4106 4108 # Zambia
4097 4099 4105 4109 # Luba
4070 4071 4072 4076 4077 # Buha
4055 4056 4057 4058 4073 # Tanzania
4059 4061 4063 # Buzinza
4028 4030 # Antemoro
1200 1202 1203 # Mombasa
4034 4035 4048 # Makuana
4036 4037 4043 4042 # Ruvuma
4038 4039 4040 # Shire
2909 2910 2911 # Pontal
758 2906 2907 2908 2919 # Goias
765 2894 2899 # Minas Gerais
766 769 2896 # Sao Paolo
768 2895 2897 # Guayra
2893 2920 # Ofaie
2888 2904 2905 # Mato Grosso
2928 # Grao Para
749 2927 # Maranhao
2857 2879 2884 # Rio Grande do Sol
2730 2731 # Northern Australia

2804 818 821 822 2812 1191 1190 1187 3006 3024 3032 2811 3047 3062 3068 2240 3075 3076 2814 2815 2816 2892 2931 742 2810
3145 3218 4046 4047 1798 3221 3231 3235 4605 4608
}

normal_monsoon = {
534 535 537 4410 4413 # Malabar
543 549 2084 2080 4425 # Andhra
1946 2034 4431 # Desh
2028 4438 4444 # Telingana
552 2038 2043 2049 4441 # Orissa
560 2096 4450 4470 4471 # Jharkhand
516 2051 2054 4512 4457 # Ahmedabad
2053 4456 4480 # Patan
526 2056 2057 2093 4461 # Malwa
519 520 2064 4500 # Jaipur
525 528 740 4464 4465 # Gird
558 4469 4472 4489 # Bihar
2047 4484 4487 4488 # Mithila
555 2055 2095 4490 # Purvanchal
523 2094 4494 4495 4497 # Oudh
524 556 2063 4496 # Lower Doab
2061 4498 4499 # Katehar
522 2060 2062 # Upper Doab
4449 508 # Kashmir
572 2099 # South Lanka
582 2395 2396 4404 4405 # Kachin
595 596 2392 # Malacca
620 659 2675 2676 2677 # Riau
618 619 2674 # Batak
2685 # Gayo
604 1823 2379 # Cambodia
2377 2380 # Mekong
606 607 1022 2374 2375 # Champa
608 611 614 2382 # South Laos
615 1844 2371 2381 # Noth Laos
613 616 2372 # Song Hong
610 1016 2373 # Tonkin
638 2709 2710 2711 2712 # Kutai
627 628 2691 2692 # East Java
630 2688 # West Java
631 632 2693 # Lesser Sunda Isles
643 644 2713 2714 # North Sulawesi
633 635 2695 # Timor
645 2696 2717 2725 # Molucca
648 649 650 # Spice Islands
654 2700 4351 4352 4353 # Visayas
2701 2702 4355 # Mindinao
651 655 4356 # Palawan
657 658 2698 4348 # North Luzon
656 2697 2699 4349 4350 # South Luzon
1237 2719 2720 2721 2722 # Papua
1012 1015 4180 4181 # Southern Kyushu
1819 1820 4186 # Shikoku
1029 1839 4188 4360 # Eastern Chubu
1030 1835 4359 # Western Chubu
1020 1021 1832 4187 # Kinai
1018 1830 4183 4185 # Sanindo
1023 1024 1837 # Hokuriku
1028 1843 4189 # Western Kanto
1027 4190 4191 # Easter Kanto
733 735 4230 4231 # Western Korea
734 736 2694 2745 4227 # Eastern Korea
737 1013 2741 4228 4229 # Southern Korea
667 668 2156 2157 2158 # Guangdong
665 666 2159 2160 2161 # West Guangdong
669 1829 2152 2153 # Fujian
670 683 1833 2151 # Jiangxi
684 1824 2148 2149 2150 # Zhejiang
738 2154 2155 3276 # Taiwan
2162 2164 # Guangxi
2239 # Jolof
1122 1125 2252 2253 # Kong
1138 2254 2255 2256 2267 # Lower Volta
1140 1143 2291 2292 2295 # Atacora Oueme
1144 1145 1146 1152 1153 # Lower Niger
1161 1162 1249 2285 # Adamawa Plateau
1166 4078 4079 # Kongolese Coast
798 1169 1170 1901 2949 # Kongo
4081 4085 4086 4088 # Lower Kasai
4089 4090 4096 # Sankuru
4098 4100 4101 4102 4103 # Shaba
4067 4068 4069 # Rwanda
4062 4064 4066 # Uganda
4065 4074 4075 # Bunyoro
1273 1925 4053 4054 4060 # Kenya
1193 1194 4022 4031 4032 # Sakalava
1792 4023 4027 # Madagascan Highlands
788 1195 4049 4020 # Mozambique
1196 1197 1198 1199 1201 # Central Swahili Coast
4041 4044 4045 # Ngonde
1183 1186 1192 # Quelimane
1184 2950 2951 2952 # Zimbabwe
761 762 763 764 # Rio De Janeiro
2888 2903 2904 2905 # Mato Grosso
1126 1139 1141 2257 2258 # West African Coast
2889 2930 2933 2934 # Amazon
747 2935 2938 # Amapa
748 2890 2929 # Grao Para
2887 # Rio Grande Do Sol
1103 1100 1101 1102 1248 1999 1998 # Indian Ocean islands
2728 2729 # Top End
1996 1995 1235 1993 1992 1994 1991 1236 # Pacific Ocean islands

2945 1125 1796 4050 1802 1803 4815 3005 3007 3018 3023 3033 815 3034 2928 2900 3035 3060 3063
2823 2944 2830 2833 2832 2902 2901 2936 3077 3078 3079 3101 3232 3234 3237 4617
}

severe_monsoon = {
531 2029 2030 2032 4427 # Kanara
529 530 2089 4429 # Konkan
517 2036 4430 # Tapti
546 548 2050 4442 4443 # Berar
550 551 2092 4458 4460 # Gondwana
547 2048 4445 4446 4448 # Garjat
553 2082 4447 4451 4452 # Upper Mahanadi
564 2039 4474 4475 4478 # East Bengal
561 2081 4476 4477 # West Bengal
567 2091 # Tripura
563 2044 4479 # Gaur
562 2045 2046 4486 # North Bengal
566 571 2040 2042 4440 # Assam
570 573 2041 # Naga Hills
2097 2098 4468 # Baghelkhand
559 2059 4459 4466 4467 # Bundelkhand
509 511 2069 4493 # Himalayan Hills
4491 4492 554 # Baisi Rajya
557 2070 2071 4483 4485 # Nepal
568 579 2402 # Rakhine
590 1815 2403 # Lower Burma
591 592 2404 2387 # North Tenasserim
593 594 2390 2391 2394 # Tenasserim
597 598 599 2393 2686 # Malaya
621 622 623 2678 # Lampung
2680 2681 2682 # Minangkabau
634 2679 2683 2684 # Indonesian islands
604 # Oudong
639 640 2706 2707 2708 # Kalimantan
636 637 2703 2704 2705 # Brunei
626 629 2689 2690 # Central Java
624 2687 625 # West Java
641 642 2715 2716 # South Sulawesi
646 647 # Ceram
1245 2718 2723 2724 # Vogelkop
1118 1119 2241 2242 # Gulf of Guinea
1151 1163 1164 1165 # Guinea
1097 1306 # Sao Tome
1147 2289 2290 # Benin
1114 1117 2238 # Futa Jallon
4021 4024 4025 # Betsimasaraka
4026 4029 # Antemoro
1950 2740 1789 2251 # Wastelands

1797 3019 3020 3021 3022 3028 3059 3064 3069 4473 3102 3103 2294 3213 3229 3230 3233 4805
}

impassable = {
1784 1786 1787 2740 3115 3116 3117 3121 3123 3143 4157 4159 4160 4161 4162 4153 4763
4401 4400 4402 2194 3247 1785 4403 4168 4169 2200 3248 2608 4146 4154 4322 4155 4156 4276 4170
4930 4931 4932
}

equator_y_on_province_image = 1000
