##################################################################
### Terrain Categories
###
### Terrain types: plains, mountains, hills, desert, artic, forest, jungle, marsh, pti
### Types are used by the game to apply certain bonuses/maluses on movement/combat etc.
###
### Sound types: plains, forest, desert, sea, jungle, mountains

categories =  {
	pti = {
		type = pti
	}

	ocean = {
		color = { 255 255 255 }

		sound_type = sea
		is_water = yes

		movement_cost = 1.0
	}

	inland_ocean = {
		color = { 0 0 200 }

		sound_type = sea
		is_water = yes
		inland_sea = yes

		movement_cost = 1.0
	}	

	glacier = {
		color = { 235 235 235 }

		sound_type = desert

		defence = 1
		movement_cost = 1.25
		supply_limit = 2		
		local_development_cost = 0.5
		nation_designer_cost_multiplier = 0.75		
		
		terrain_override = {		
1034 1035 1104 1105 2025 2440 2574

#ET
998 999 1036 1781 1782 1783 1804 1807 1811 1812 3043 2426 2439 3106 3107 3108 3109 3110 3111 3262 4657 4925 4927
		}
	}

	#farmlands
	farmlands = {
		color = { 179 255 64 }

		type = plains
		sound_type = plains

		movement_cost = 1.10
		local_development_cost = -0.05
		supply_limit = 10
		allowed_num_of_buildings = 1
		nation_designer_cost_multiplier = 1.05
		
		terrain_override = {
104 109 108 1744 1865

45 44 1874 113 172

161 2998 160 125

506 507 510 522 523 524 532 540 555 556 558 563 2044 2045 2047 2060 2063 2075 2095

115 117 118 121 1862

584 600

153 1772

613 2380

180 167 183 192 200 2753

1868 77 70 65 78 1841 266
255 254 258 259 260 134 151 152 1767 150 268 280 1876

243 245 248
410 415 2310

236 186 90 92 182 12 14 6 289 2407 290 279 4538

695 696 1816 690 691 2138 2140 685 1821 1822 2141 2142 2145 1838
684 2148 2149 688 1836 671 672 682 683 2172 679
665 667 2156 2157 2159 2163 700

2312 257 2033 148
2955 2957 267 2979 2980 2981

#Sorted from here:

4384 4388 4390 #France

43 97 98 100 4382 4383 #Netherlands

234 235 236 238 4367 4368 4371 4375 #British isles

358 359 361 363 2316 4316 #Egypt

262 264 4126 4173 4240 #Central Europe

4194 4195 4196 4213 #Greater China
1020 1021 1028 1030 #Japan
735 2745 #Korea

581 4396 585 586 # Burma
2076 4428 4476 4479 4487 4489 4490 4496 4497 4510 4513 #India
4529 4531 # Romania
146 # 1.30 Greece and Bulgaria

67 4765 #Germany

#ET changes
103 196 227 564 630 680 628 4239 4831 4832
		}		
	}
	
	forest = {
		color = { 31 116 16 }

		type = forest
		sound_type = forest
		
		movement_cost = 1.25
		defence = 1
		combat_width = -0.20
		supply_limit = 4
		local_development_cost = 0.2
		nation_designer_cost_multiplier = 0.9
		
		terrain_override = {
2 4 8 9 11 18 29 30 31 315 4123 4124 # Sweden
309 1955 #Russia
2611 996 997 2575 #n am

1054 1046 10
993 1011 2572 2583 2671

978 980 2022 2517 2573 2582 2593
1085 1246
1026 4187 #Japan
312 #Eastern Europe

#ET changes
19 29 31 32 34 274 310 311 313 314 480 731 730 2107 871 872 873 874 973
1009 1033 1035 1045 4658 1049 1050 1051 1053 1055 1056 1059 1060 1062 1063 1064 1065 1068 1069 1070 1072 1073 1074 1079 1083
1752 1753 1755 1777 1776 1780 1805 1806 1810 2595 1842 2106 1957 1959 1960 1963 1964 1972 4113 2601 3042 1813 2018 2425
2108 727 2104 2105 1850 2427 2749 2428 2429 2433 2445 2430 2431 2432 2443 2442 2446 2435 2436 2437 2102 2438 2477 2481 2485 2484
2591 2594 2734 3099 3105 4114 4117 4148 4215 4216 4243 4257 4260 4266 4653 4654 4660 4663
		}                                      
	}
	
	#hills
	hills = {
		color = { 113 176 151 }

		type = hills
		sound_type = mountains

		movement_cost = 1.40
		defence = 1
		local_defensiveness = 0.1
		local_development_cost = 0.25
		combat_width = -0.25
		nation_designer_cost_multiplier = 0.85
		supply_limit = 5
		
		terrain_override = {
508 509 511 515 525 527 530 545 550 557 1947 2036
2037 2040 2043 2056 2058 2069 2071 2080 2090 2092 2097

105 106 107 111 1774 1844 1746 4739

1827 63

489 837 839 841 844 847 849 851 854 855 899 911 981 992 994 995 2023 2515
2518 2557 2558 2562 2565 2567 2571 2577 2579 2627 2638 2640 2642 2648 2653 2657 2660

931 935 949 951 961 964 969 972 986 2580 2011 2012 2509 2527 2531 2548 2552 2553 2555 2556 2559 2563
1117 1121

1016 2373 1022 615 611 2382 608 2379
2299 318
2658

193 201 102 198 176 325
101
140 1828
123 1934 116 119 1848

669 670 681 1824 1829 1833 1840
2146 2147 2152 2153 2158 2171 2173 2174
652 657 658 2697 2698 2701

2965 2976 2977 2978 2983 2984 3002
242 4366 #British Isles
250 251 4361 4362 4363 #Scotland
1792 4023 #Madagascar
4046 4050 4063 4066 4068 4069 4070 4072 4098 4102 #Central Africa
156 1951 #Carpathians
4144 4145 4164 #Scandinavia
232 #Iberia
733 2694 2742 2744 4229 4231 #Korea
1018 1025 1029 1820 1830 1832 1843 1852 4180 4183 4185 4188 4191 4192 #Japan
4239 #Balkans
1856 4311 4312 4315 #Caucasus & Anatolia
4449 4483 4484 4485 4491 4492 4493 4511 #North India
521 548 559 740 4430 4434 4453 4459 4462 4465 4466 4467 4480 4500 #Central India
518 529 531 533 538 1949 2027 2030 2032 2083 2089 4414 4420 4425 4426 4427 4429 #South India
4552 # new for 1.28
2479 # Changed for 1.28
2992 4694 4695 4696 4777 # France and Italy 1.30
4307 4702 4705 4779 # 1.30 Greece and Bulgaria
2956 4707 4715 4744 #Germany
1770 #Austria
137 4753 # Balkans
4764 # Salins

#ET changes
72 76 120 128 129 132 144 165 197 206 207 208 209 212 315 333 376 547 570 579 580 587 637 703 2048 562 589 602 603 610 619 
621 625 626 2690 627 2689 631 2695 689 2177 694 2136 697 716 729 732 787 816 827 879 880 936
1034 1035 1037 1039 1040 1042 1043 1044 1047 1052 1063 1078 1108 1236 1745 1771 1817 1867 1870 1875 1880 1950
3004 3033 635 2041 2195 463 2166 2197 2196 2680 2681 2682 2685 2687 2688 2691 2693 2150 2178 693 2180 734 2743 1048 2186 
2424 2645 2643 2835 2914 2155 2154 1066 2440 2617 2482
2564 2967 3101 4703 4709 4716 4720 4721 4731 4733 4734 4735 4737 4751 4754 4765
4060 143 4211 4217 4378 4397 4448 4550 4551 4554 4555 4558 4571 4572 4575 4576 4579 4580 4581 4600 4601 
4603 4612 4619 4632 4641 4655 4656 2103 4659 4792 4793 4794 4801 4811 4812  4818 4821 4825 4826 4840 4841 4842 4859 4860 4871 4873 4874 4876 4879 4889
		}

		sound_type = mountain
	}

	#woods
	woods = {
		color = { 41 155 22 }

		type = forest
		sound_type = forest

		movement_cost = 1.10
		defence = 1
		local_development_cost = 0.15
		combat_width = -0.20
		nation_designer_cost_multiplier = 0.9
		supply_limit = 6
		
		terrain_override = {
206 1851 # Spain
374 375 4118 4119 4120 4121 #Ireland
129 4755 4757 # Balkans
968 970
62 58
1826 130
1765
141
859 918 919 939 940 944 946 947 948 963 987 988 2560 2585 2586 2639
2750
914 933 934 937 941 943 954 955 958 956 965 967 989 2010 2529 2523 2524 2525 2526 2540 2541 2544 2545 2549 2584 2670
2014 2665 1937 269
99 95
1834 37 273 271 272 770 275 771
40 41 1938 256 261 2424 316 317 175 173 174 194 195 190 178 184 187
181 1866 94 93 188 189 1880 72 69 1761 66 63 80 1760 83 81 1762 1742 1878 85 84 86
56 1758 82
53 1857 46 52 51 50 1759 47 48 49 1763 60 61 59
57 38 296 297 1945 298 239 372 247 1863 3 2 1985 307 1956 1754
2423 306 480 1065
1060
2551 2013 971 2566 2570 985 984 2569 2568 945 2521 2522 2587 912 2487 973 874 873 2482
276 2304 4176
767
727 731 1053 2106
2964 2969 2970 2971 2972 2973 2974 2975 2993 2995 2996 2997 3000 4112 4115 4116
1084 1094 1107 2733 #Australia
1982 4165 4166 #Scandinavia
1014 1027 1819 1835 4181 4182 4184 4186 4189 #Japan
4127 4241 4242 4251 4252 4253 4254 #Eastern Europe
244 4372 4377 4379 #Britain
4381 4387 4389 #France & Low Countries
4541 4537 4535 2963 4544 4543 4524 # New PLC provinces
4555 4558 # new iberia provinces 1.28
# 1.29 Manchu
4660 4654 4663
4697 # France 1.30
4713 4717 4747 4749 4748 4741 4742 4743 4772 4773 4774 4775 4746 #Germany
1769 4751 #Austria
4766 4767 4768 4770

#ET changes
15 35 74 124 133 177 191 231 258 270 277 279 292 596 597 598 686 894 897 904 913 920 921 924 925 930 942 952 953 959 960 966 
1008 1087 1090 1092 1757 687 1877 2016 2151 2169 2176 692 2112 2111 2392 2394 2520 2528 2532 2537 2538 2539 2550
2966 2958 3100 2959 3120 3121 4712 4756 4761 4778 4149 4197 4198 4201 4212 4244 4246 4247 4392 4452 4523 4536 4545 4556 4649 
4813 4850 4851 4854 4872 4875 4877 4878 4880 4881 4882 4883 4884 4886 4887 4888 4891 4898 4899 4907 4913 4921 4922
		}

		sound_type = forest
	}
	
	#mountain
	mountain = {
		color = { 105 24 4 }

		type = mountains
		sound_type = mountains

		movement_cost = 1.5
		defence = 2
		local_defensiveness = 0.25
		local_development_cost = 0.35
		combat_width = -0.50
		nation_designer_cost_multiplier = 0.75
		supply_limit = 4
		
		terrain_override = {
210 226 # Spain
139 1831 138 4175 #Balkans
158 1952 #Hungary
4236 #Slovakia
974 975 976 977 2003 2480 2481 2486 2609 2610 2612 2613 #North America
2154 2155 #East Asia
808 814 2825 #South America
452 2073 #Tibet
4205 4206 4222 #Greater China

1787 1788

783 794 802 824 856 857 871 875 880 2477 2484 2485 2491 2605 2617 2813 2817 2824 2826 2871
2874 2395 2396 872 2604 2877 2873
1180

2371 330
785
2564
204 199
1853
124
2305 331 2306

739 2125 2127
565 676 677 2074 2128 2129 2130

222 223
2743 4232 #Korea
4131 #Japan
4128 #Carpathians
20 22 #Norway
422 2201 2198 4301 4306 #Caucasus
384 385 386 390 2332 4280 4281 4282 #Hejaz Range
435 436 #Khorasan
4348
4404 # Burma
4514 4515 4516 4517 4518 4519 4520 4521 #tibet
4546 # new provinces 1.28
4601 4602 #new provinces 1.28 mesoamerica
# 1.29 Manchuria
4680
# 1.30
4750

#ET changes
73 110 166 211 554 616 2131 2135 705 2134 2167 817 832 1039 1040 1042 1768 1814 1873
3025 3040 3041 2606 2070 2132 678 2133 4522 2170 2748 2607 2991 2987 3114 4719 4727 4759 4586 4587 4604 4607 4646 4647 4648 4835
4933 4940
		}
	}
	


	impassable_mountains = {
		color = { 128 128 128 }

		sound_type = desert
		movement_cost = 8.0
		defence = 6
		local_development_cost = 10
	}

	#grasslands
	grasslands = {
		color = { 130 255 47 }

		type = plains
		sound_type = plains

		movement_cost = 1.0
		supply_limit = 8
		allowed_num_of_buildings = 1
		nation_designer_cost_multiplier = 1
		
		terrain_override = {
2666 # North America
213 218 219 #Spain
526 #India
417 4341 #Iran
2376 #Sout East Asia

136 4174 # Balkans

373 # Ireland

149 1747 229
1943 1942 131

516 517 539 543 552 549 562 572 1948 2046 2055 2057 2059 2061 2062 2081
2082 2084 2094 2101

114

772 773 778 898 905 2632 2848
2851 2852
328
2399
2405 1953 155

896
903 2016
1177 2850

71 79 96
2728 1086
1859
1967
2739
2296 318
1170 2949 798 2948

704 726 730 2110 2113
42 457 458
4150 #Iberia
1017 1012 1019 1023 1024 1818 1825 1837 1839 1847 4359 4360 #Japan
737 1013 1845 4227 4230 #Korea
4394 # Burma
1858 4760 #Germany

#ET changes
14 41 68 88 119 147 152 157 159 169 203 216 217 240 243 255 260 281 289 290 426 484 490 601 604 605 609 617 624 629 2175 756 757 763 764 766 829 831
1743 1767 1879 1933 1936 1940 1954 1983 1984
3008 2389 2388 2673 2674 2144 2143 2407 64 2372 2981 2979 2985 4730 4732 4769
4125 4370 4371 233 4376 4395 4416 4446 4447 4526 4528 4534 4538 4540 4542 3249 4637 4791 4817 4833
		}
	}
	

	#jungle
	jungle = {
		color = { 98 163 18 }

		type = jungle
		sound_type = jungle

		movement_cost = 1.5
		defence = 1
		local_development_cost = 0.35
		combat_width = -0.25
		nation_designer_cost_multiplier = 0.8
		supply_limit = 5
		
		terrain_override = {
1237 1245 2703 #South East Asia
746 838 #South America
553 566 567 568 571 573 2042
2091 2096
2039
486 490 743 745 748 826 835 840 846 848 2630 2637 2641 2647 2654 2655 2659 2664 2819 2927

582 2397 2398 579 2402 1815 590 2403 2400 589 602 1817 2389 2388 592 591 2404 843
789 1151 1181 1182 1183

759 765 2894 2896 2929
1125 1138 1139 1162 1249
1118

660 663 664 666 2160 2161 2162 2164
546 551 560 2038 2049 2098 4450 4451 4468 4470 4471 4472 4478 #Central India
534 535 537 2028 2029 2050 4410 4412 4413 4438 4439 4444 #South India
2099 2100 4407 4408 4409 #Ceylon
4021 4024 4025 4026 #Madagascar
4090 4105 4109 #Central Africa

#ET changes
583 593 595 618 639 622 623 636 2706 642 643 747 800 803 836 845 2251 1125 1796 1823
2705 3022 3023 4088 4081 2928 3060 3063 2046 2255 2375 2378 2381 2390 2391 2393 2394 2675 2677 2684 2678 640 2674 2713 2714 2708 2707
2662 2652 2632 2633 2634 2651 2650 2632 2704 2715 2815 2820 2882 2902 2901 2904 2905 4085 2718 2720 2724
2679 2683 4087 3120 3232 3233 4585 4589 4590 4591 4593 4595 4796 4798 4799 4800 4803 4804 4808 4809 4816 4824 4827 4828 4829 4844 4845
		}
	}	
	
	marsh = {
		color = { 13 189 130 }

		type = marsh
		sound_type = forest

		movement_cost = 1.3
		defence = 1
		local_development_cost = 0.25
		combat_width = -0.25
		nation_designer_cost_multiplier = 0.85
		supply_limit = 5

		terrain_override = {
1860 #England
96 #Netherlands
4738 #Aquilea
893
950 #n am
2857 2890 #South America
927 928 2534 2536 2516
749 775 777 999 1000 1003 1004 1005 1006 2592 2599 2600
1217 2259 2261 2286 2287 2759
4141
4386 #France
1031 #Japan
408 4288 #Middle East
462 #Caucasus
362 #Egypt
2702 #Philippines
4706 # 1.30 Greece and Bulgaria

#ET changes
97 100 278 561 620 1756 1815 1941 2376 2377 2832 2858 2803 2962 2294 4115 4399 4802
		}

		sound_type = forest
		color = { 13 189 130 }
	}
	
	#desert
	desert = {
		color = { 242 242 111 }

		type = desert
		sound_type = desert

		movement_cost = 1.05
		supply_limit = 4
		local_development_cost = 0.50
		nation_designer_cost_multiplier = 0.8
		
		terrain_override = {
2078 2088 #India

4204 4207 4221 4223 #Greater China

512 513 514 2066 2086
867 2844
2490
350 355 1115 2244 2271 2272 2767 2773
1176
1231
710 711 712 2121 2123 2191 2192 706 707 708 698 701 709 720 2193 2747
860 2618

#ET changes
383 470 2869 863 864 875 4210 1808 3036 3037 3038 3039 3065 3066 3145 3263 2216 2222 427 436 434 2232 2230 2224 2367 2327 2345
2876 3220 4324 4334 4336 2466 4606 4635 4644 4677 4693 4847 4849 4941
		}	
		
		color = { 242 242 111 }
	}
	
	#coastal_desert
	coastal_desert = {
		color = { 255 211 110 }

		type = desert
		sound_type = desert

		movement_cost = 1.0
		local_development_cost = 0.35
		nation_designer_cost_multiplier = 0.9		
		supply_limit = 4	
		
		terrain_override = {
792 793 796 805 806 2821 2822 2840 2841
2324
1212 1215 1230 1232 2315 2320 2321 2765 2786 2788 2789
1174 #Angra Pequena
865 866
1206 1209 2024 2790 2793
782
389 394 395 396 397 398 399 400 401 402 1099 2329 2331 2333 2340 2341 2342 2347 4269 4278 4283 4284 #Arabia
4286

#ET Changes
388 503 2233 575 2231 2346 781 2620 2839 4327
		}
	
		supply_limit = 4
	}
	
	coastline = {
		color = { 49 175 191 }

		sound_type = sea

		movement_cost = 1.0
		local_development_cost = 0.25
		nation_designer_cost_multiplier = 0.85		
		supply_limit = 6 
		
		terrain_override = {
957 962 2554 2561 2578 #n am

112
487 492 497 498 499 500 501 502
982

788 1186 1192 1195 1196 1197 1198 1199 1200 1202 1203 1204 2796

938 2547
368 1098 1095 1103 1102 1100 1101 1999 1998
647 634 645 2741 1994 1992 1986 1242 1989 1988 979 1240 491

333 3003 4049
233 253 4364 4365 #Britain
653 655 656 2699 2700 654 4349 4350 4351 4352 4353 4354 4355 4356 #Philippines
644 648 649 650 2716 2717 2725 #Moluccas & Sulawesi
1015 4193 #Japan
387 4279 #Tihama al yemen
		}
	}	
	
	drylands = {
		color = { 232 172 102 }		

		type = plains
		sound_type = plains

		movement_cost = 1.00
		local_development_cost = 0.05
		nation_designer_cost_multiplier = 0.95
		supply_limit = 7
		allowed_num_of_buildings = 1
			
		terrain_override = {
1749 224
221 1750 220 214
1748 2754
225
2297 327 2313 411 2199 2208 464 4314 2300 4308 4309 #Turkey and Caucasus
420 421 425 2203 2307 4307 #Caucasus
428 454 442 441 1973 444 446 450 453 2213 2214 2215 2227 2228 4343 4337 #Iran, Transoxiana & Balkh
504 505 519 528 541 569 2031 2051 2052 2053 2054 2065 2067 2072
2999
751 752 753 858 882 2476 2498 2614 2620 2668 2842
2868 2885 2915 2917 2922
750 2863
1178 2764 2768 2797 2798 2801
754 755 786 862 868 876 2492 2619 2667 2846 2912 2913 2921
1167

322
2308 407 337 1849 2309 377
2356

699 713 2122 2124 2182 2184 2302
2317 2319 4318 4320 #Egypt
334 338 341 342 345 1110 2453 2455 2461 2469 2473 #Maghreb
1089 #Australia
379 381 382 406 412 430 431 1854 1855 2219 2314 4292 4297 4298 #Levant
1222 4040 #Central Africa
4411 4421 4435 4437 4454 4455 4456 4463 4503 4504 4505 #India
4549 4563 4564 4547 4557# new provinces 1.28
4628 4630 # new provinces Mesoamerica 1.28

#ET
218 229 343 344 360 409 417 429 433 445 532 544 698 715 739 888 1088 1231 4705 2086 2033 2311 2218 2364 2179 2181 2317 2319 4781 2621 2616
4150 4171 4290 4291 4317 4319 4329 4332 4335 4339 4340 3244 4423 4424 4428 4442 4443 4501 4548 4574 4639 4861
		}
	}

	#highlands
	highlands = {
		color = { 176 129 21 }

		type = hills
		sound_type = mountains
		
		combat_width = -0.25
		supply_limit = 6
		movement_cost = 1.40
		defence = 1
		local_defensiveness = 0.1
		local_development_cost = 0.2
		nation_designer_cost_multiplier = 0.9	
		
		terrain_override = {
520 542 578 2035 2077 2079 2087 2093
850 852 853 2018 2622 2623 2626 2628 2629 2644 2646
588 2401 2301 324 1224
869 2006 2019 2483 2488 2496 2501 2624
335 336 339 340 346 348 349 351 1171 1184 1185 1188 1208 1211 1218 1219 1227 1751 1882 2274 2454 2458 2459 2462 2463
2464 2465 2756 2757 2758 2762 2763 2766 2770 2771 2772 2787 2950 2951
326 329 332 418 1846
2303
2478 2489 2504
252 784 2946 823
1773 127 1247
1766
319 2298
371 163 321
661 662 673 674 675
2165 2168 2183
3001 4176 #Balkans
4199 #Greater China
145 365 378 2209 2235 2313 4293 4294 4295 4298 4313 #Middle East
2738 #Australia & New Zeeland
460 1968 #Central Asia
4027 4029 4030 #Madagascar
798 4053 4055 4056 4057 4059 4067 4073 4077 4084 4100 4101 4103 #Africa
4110 #Scotland
23 24 370 2752 #Norway
154 162 263 1318 2960 2968 2970 4238 #Central Europe
216 228 2755 2989 #Iberia
323 2202 4299 4305 #Anatolia and Caucasus
736 4228 #Korea & Manchuria
2986 4391 #Italy & France
4406 4398 # Burma
4422 4436 4464 #Central India
4561 4566 4553 # new provinces 1.28
4701 4699 4780 # 1.30 Greece and Bulgaria

#ET changes
253 364 380 702 2223 432 435 2221 447 448 451 2120 718 856 857 861 878 881 1109 1172 1273 1946
4783 3012 2020 2506 3068 2226 2078 2068 2034 2236 2234 2220 3070 797 2117 2493 2494 2495 3046 3143
1799 3219 3221 4380 4208 4268 4289 4325 4326 4330 4344 4345 4364 4431 4432 4433 4509 4562 4570 4631 4633 4642 4680 4681 4682
		}
	}

	savannah = {
		color = { 248 199 23  }

		sound_type = plains

		supply_limit = 6
		movement_cost = 1.00
		local_development_cost = 0.15
		nation_designer_cost_multiplier = 0.95	
		
		terrain_override = {
768 776 1800 2805 2809 2810 2812 2814 2855 2859 2879 2884 2887
2893 2895 2897 2908 2909 2910 2918 2923 2925 2926 2939

1113 1116 1123 1131 1134 1135 1140 1142 1148 1146 1149 1144 1155 1159 2237 2239 2245 2250 2263 2265 2270 2278
2279 2280 2283 2291

607 2374 606 614 2386 612
485 870 883 884 887 902 915 922 923 926 932 2513 2514
2530 2533 2535 2542 2543 2546 2669 2853 2888 2891 2892 2906 2907 2911 2919 2920

1114 1120 1122 1124 1136 1137 1143 1145 1150 1152 1154 1160 1161
2238 2240 2241 2248 2249 2252 2254 2253 2256 2267 2281 2285 2292 2293 2295
1168 1190 1191 1193 1194 2774 2775 2794
929 1153 2266 2519 2656 2886 2924 1187 1189
2736 2726 2729 #Australia
1925 #Kenya
4022 4028 4031 4032 #Madagascar
2948 4034 4035 4036 4037 4038 4039 4041 4042 4043 4044 4045 4047 4048 4058 4061 4062 4064 4065 4071 4074 4075 4076 4082 4083 4091
4092 4093 4094 4095 4096 4097 4099 4104 4105 4106 4107 4108 #Central Africa
4618 #Mesoamerica 1.28

#ET changes
488 758 790 799 834 895 1093 1166 1169 1170 2952 3006 3013 3014 3015 3016 3017 1901 3024 3032 2730 3058 3062 2385 2384 2383 2386
3071 3075 3076 2727 2728 2730 2731 2732 2776 2777 2844 2878 2854 2852 2883 2881 2903 4079 2856 3119 2949 3218 1798 3222 3223 4782 4784 3226 3228 3231 3234
3235 4080 3237 4608 4613 4614 4615 4622 4623 4625 4626 4627 4822 4836 4838 4839 4846 4904 4905 4906 4911 4923
		}
	}
	
	steppe = {
		color = { 147 200 83  }

		type = plains
		sound_type = plains

		movement_cost = 1.00
		local_development_cost = 0.20
		nation_designer_cost_multiplier = 0.9	
		supply_limit = 6
		
		terrain_override = {
2417 466 472 2353 2369 2358 476 2354 479 2357 1966 2420

284 1974 2412 2413 286 2414 287 2447 283 2406 282

301 300 1778 304 303 2415 302 2408 299 2409 285 291 2411 467
1081 473 2421 1971 288 468 2418 2419 474 2366 1965 1082 475 2441 2359
2360 478 2355 2422

2416
1057

2434 1076 1075 1071
889 2004 2009 2625 2672
4033

885 886 892 906 1226 2500

774 1132 1133 1156 1157 1158 1205 1216 1221 1225 2243 2246 2260 2262 2264 2268 2269 2273 2276 2282 2284 2288 2799 2783 2795
2800 2802 2932

779 780 2008 2497 2499 2510 2502 2666 2860 2866 2870 2875
833 1175 1179
2880
4255 4264 4265 4267 # Russia

459 461 714 2118 2126 2368
717 721 722 723 724 725 728 1058 2109 2114 2115 2116 2185 2187 2188

4200 4202 4203 4218 4219 4220 #Greater China

4629 #Texas additions

# 1.29
4664 4665 4674 4666 4667 4673 4675 4672 4671 4668 4683

#ET changes
719 890 891 901 907 909 1010 1091 1809 2005 2007 2511 2865 2861 2064 2110 2782 2847 2017 2119 2190 2189 2503 2505 2507 2508 2596 2597 2598 2602 2666
4206 4222 4502 4507 4508 4670 4678 4679 4684 4685 4686 4687 4688 4689 4690 4692 4853 4855 4863 4909 4910 4916 4918 4919 4920
		}	
	}	
}
	
##################################################################
### Graphical terrain
###		type	=	refers to the terrain defined above, "terrain category"'s 
### 	color 	= 	index in bitmap color table (see terrain.bmp)
###

terrain
{
	grasslands			= { type = grasslands		color = { 	0	 } }
	hills				= { type = hills			color = { 	1	 } }
	desert_mountain		= { type = mountain			color = { 	2	 } }
	desert				= { type = desert			color = { 	3	 } }

	plains				= { type = grasslands		color = { 	4	 } }
	terrain_5			= { type = grasslands		color = { 	5	 } }
	mountain			= { type = mountain			color = { 	6	 } }
	desert_mountain_low	= { type = desert			color = { 	7	 } }

	terrain_8			= { type = hills			color = { 	8	 } }
	marsh				= { type = marsh			color = { 	9	 } }
	terrain_10			= { type = farmlands		color = { 	10	 } }
	terrain_11			= { type = farmlands		color = { 	11	 } }

	forest_12			= { type = forest			color = { 	12	 } }
	forest_13			= { type = forest			color = { 	13	 } }
	forest_14			= { type = forest			color = { 	14	 } }
	ocean				= { type = ocean			color = { 	15	 } }

	snow				= { type = mountain 		color = { 	16	 } } # (SPECIAL CASE) Used to identify permanent snow
	inland_ocean_17 	= { type = inland_ocean		color = {	17	 } }

	coastal_desert_18	= { type = coastal_desert	color = { 	19	 } }
	coastline			= { type = coastline		color = { 	35	 } }
	
	savannah			= { type = savannah 		color = {	20	 } }
	drylands			= { type = drylands			color = {	22	 } }
	highlands			= { type = highlands		color = {	23	 } }
	dry_highlands		= { type = highlands		color = {	24	 } }
	
	woods				= { type = woods			color = { 	255	 } }
	jungle				= { type = jungle			color = { 	254	 } }
	
	terrain_21			= { type = farmlands		color = { 	21	 } }	
}

##################################################################
### Tree terrain
###		terrain	=	refers to the terrain tag defined above
### 	color 	= 	index in bitmap color table (see tree.bmp)
###

tree = {
	forest				= { terrain = forest 			color = { 	3 4 6 7 19 20	} }
	woods				= { terrain = woods 			color = { 	2 5 8 18	} }
	jungle				= { terrain = jungle 			color = { 	13 14 15	} }
	palms				= { terrain = desert 			color = { 	12	} }
	savana				= { terrain = grasslands 		color = { 	27 28 29 30	} }
}