california={
	location=871
	outgoing={
		name="mexico"
		path={
			1556 1555 1554 1552 1551 
		}
		control={
			731.000000 1556.000000 877.000000 1384.000000 996.000000 1286.000000 
		}
	}
	outgoing={
		name="mississippi_river"
		path={
			872 873 3009 3010 268 4815 903 902 900 895 3005 893 1507 
		}
		control={
			680.000000 1677.000000 692.000000 1769.000000 742.000000 1764.000000 800.000000 1772.000000 825.000000 1715.000000 939.000000 1717.000000 1111.000000 1700.000000 1149.000000 1643.000000 1230.000000 1615.000000 1208.000000 1555.000000 1208.000000 1526.000000 1202.000000 1498.000000 
		}
	}
	outgoing={
		name="girin"
		path={
			1557 1684 1686 1685 1683 1668 1669 1440 1387 1980 2106 2731 2733 730 
		}
		control={
			348.000000 1612.000000 5094.000000 1715.000000 4950.000000 1730.000000 4924.000000 1746.000000 4846.000000 1761.000000 4731.000000 1699.000000 4661.000000 1719.000000 
		}
	}
	outgoing={
		name="polynesia_node"
		path={
			1556 1687 1693 1699 
		}
		control={
			616.000000 1596.000000 179.000000 1469.000000 61.000000 1439.000000 5614.000000 1423.000000 
		}
	}
	members={
		862 865 866 868 869 870 871 872 873 874 972 973 974 975 976 977 978 979 1808 1810 1814 2019 3036 3037 2020 3038 3041 2606 2003 2021 2022 2616 2620 2476 2478 2479 2480 2477 2481 2482 2485 2484 2604 2605 2607 2610 2609 2613 2612 2611 2486 2487 2488 2483 2489 3105 3106 3107 4577 4635 4636 4637 4638 4639 4649 4650 4925 4940 
	}
}
rio_grande={
	location=2667
	outgoing={
		name="mississippi_river"
		path={
			1508 1507 
		}
		control={
			1100.000000 1425.000000 1166.000000 1421.000000 
		}
	}
	outgoing={
		name="mexico"
		path={
			1508 1509 2646 2629 
		}
		control={
			1037.000000 1397.000000 1087.000000 1343.000000 1080.000000 1298.000000 1062.000000 1286.000000 
		}
	}
	members={
		858 861 863 864 867 875 876 877 878 879 880 881 882 883 884 885 886 887 888 889 891 892 896 3039 3040 2668 2614 2619 2667 2618 2490 2491 2493 2494 2492 2495 2496 2497 2498 2666 2499 2500 2507 2665 2669 2625 4606 4627 4628 4629 4630 4631 4632 4633 4634 4644 4908 4909 4910 4911 4941 
	}
}
mississippi_river={
	location=1507
	outgoing={
		name="carribean_trade"
		path={
			1506 1505 1525 1516 
		}
		control={
			1300.000000 1433.000000 1343.000000 1388.000000 1414.000000 1369.000000 1479.000000 1333.000000 
		}
	}
	outgoing={
		name="ohio"
		path={
			921 2327 939 
		}
		control={
			1208.000000 1502.000000 1217.000000 1524.000000 1218.000000 1555.000000 
		}
	}
	members={
		1507 890 893 894 895 897 898 899 900 901 902 903 904 905 906 907 908 909 915 916 917 918 919 920 921 922 923 924 925 934 939 1809 2506 2007 2008 2009 2014 2006 2509 2672 2501 2502 2503 2504 2505 2508 2510 2511 2512 2513 2514 2515 2516 2519 2520 2528 2529 2530 2531 2532 2533 4883 4884 4885 4886 4900 4901 4903 4904 4905 4906 4913 4914 4915 4916 4917 4918 4923 4933 
	}
}
ohio={
	location=940
	color={
		129 214 238 
	}
	outgoing={
		name="chesapeake_bay"
		path={
			948 2465 
		}
		control={
			1309.000000 1645.000000 1343.000000 1638.000000 1371.000000 1655.000000 1416.000000 1654.000000 1443.000000 1628.000000 1449.000000 1605.000000 
		}
	}
	outgoing={
		name="st_lawrence"
		path={
			946 991 
		}
		control={
			1279.000000 1663.000000 1327.000000 1683.000000 1347.000000 1693.000000 1391.000000 1706.000000 1398.000000 1719.000000 1429.000000 1725.000000 1451.000000 1739.000000 1486.000000 1754.000000 1505.000000 1771.000000 1530.000000 1785.000000 1567.000000 1820.000000 
		}
	}
	members={
		910 911 912 913 914 940 941 942 943 944 945 946 947 948 951 954 958 959 960 987 988 989 991 1001 1007 2015 2016 2517 2518 2551 2526 2524 2523 2525 2522 2521 2552 2555 2593 2670 2585 2586 2587 2671 4872 4875 4887 4888 4889 4898 4899 4902 4907 4921 4922 
	}
}
mexico={
	location=1551
	outgoing={
		name="carribean_trade"
		path={
			847 848 1510 1511 1512 1518 1516 
		}
		control={
			1140.000000 1248.000000 1164.000000 1300.000000 1213.000000 1350.000000 1276.000000 1360.000000 1311.000000 1335.000000 1368.000000 1335.000000 1418.000000 1310.000000 
		}
	}
	outgoing={
		name="panama"
		path={
			1550 1549 1548 835 
		}
		control={
			1173.000000 1218.000000 1360.000000 1112.000000 
		}
	}
	outgoing={
		name="polynesia_node"
		path={
			1701 1707 1716 1715 1699 1697 
		}
		control={
			802.000000 1270.000000 316.000000 1306.000000 135.000000 1370.000000 45.000000 1401.000000 5618.000000 1413.000000 
		}
	}
	members={
		1551 844 845 846 847 848 849 850 2624 852 853 854 855 856 857 859 860 2634 2652 2633 2651 2650 2632 2635 2638 2649 2631 2630 2629 2646 2628 2647 2644 2645 2648 2627 2623 851 2643 2657 2621 2622 2626 2615 2642 2641 2617 4570 4571 4572 4573 4574 4575 4576 4578 4579 4580 4581 4582 4583 4584 4585 4586 4588 4590 4591 4598 4640 4641 4642 4643 4645 4646 4647 4648 
	}
}
lhasa={
	location=677
	inland=yes
	outgoing={
		name="chengdu"
		path={
			695 2136 697 701 709 707 
		}
		control={
			4096.000000 1509.000000 4140.000000 1504.000000 4178.000000 1509.000000 4226.000000 1499.000000 4241.000000 1481.000000 
		}
	}
	outgoing={
		name="lahore"
		path={
			676 4516 2074 
		}
		control={
			4007.000000 1482.000000 3927.000000 1501.000000 3884.000000 1530.000000 3835.000000 1541.000000 3802.000000 1520.000000 
		}
	}
	outgoing={
		name="ganges_delta"
		path={
			562 564 
		}
		control={
			4042.000000 1467.000000 4021.000000 1437.000000 4034.000000 1413.000000 4038.000000 1387.000000 4050.000000 1375.000000 4062.000000 1349.000000 
		}
	}
	members={
		554 557 565 2129 705 2134 2070 2071 2128 676 677 2130 706 3275 4522 4204 4205 4481 4482 4483 4485 4491 4514 4515 4516 4517 4518 4519 4520 4492 
	}
}
chengdu={
	location=679
	inland=yes
	outgoing={
		name="canton"
		path={
			695 2136 697 701 709 707 
		}
		control={
			4310.000000 1477.000000 4337.000000 1499.000000 4369.000000 1499.000000 4383.000000 1469.000000 4400.000000 1435.000000 4414.000000 1399.000000 4403.000000 1374.000000 
		}
	}
	outgoing={
		name="xian"
		path={
			695 2136 697 701 709 707 
		}
		control={
			4298.000000 1518.000000 4353.000000 1540.000000 
		}
	}
	outgoing={
		name="burma"
		path={
			2748 583 
		}
		control={
			4263.000000 1461.000000 4249.000000 1439.000000 4245.000000 1422.000000 4197.000000 1402.000000 4146.000000 1390.000000 4138.000000 1354.000000 
		}
	}
	members={
		660 661 2168 2748 2131 2135 679 680 2132 678 2133 2170 2167 2166 2165 675 2169 4211 4212 4213 
	}
}
canton={
	location=1371
	outgoing={
		name="malacca"
		path={
			1394 1367 1362 1361 
		}
		control={
			4402.000000 1218.000000 4335.000000 1117.000000 4306.000000 1044.000000 
		}
	}
	outgoing={
		name="hangzhou"
		path={
			1372 1824 684 
		}
		control={
			4487.000000 1374.000000 4553.000000 1458.000000 4540.000000 1490.000000 
		}
	}
	outgoing={
		name="philippines"
		path={
			1394 1397 
		}
		control={
			4490.000000 1273.000000 4520.000000 1224.000000 4536.000000 1217.000000 
		}
	}
	outgoing={
		name="gulf_of_siam"
		path={
			1370 1369 1366 1364 1365 
		}
		control={
			4379.000000 1290.000000 4355.000000 1191.000000 4287.669922 1127.430054 
		}
	}
	members={
		1371 2373 2372 613 662 664 2163 665 666 667 668 671 672 674 738 610 1840 3005 616 1016 663 2164 2161 2159 2160 2162 2158 2157 2156 2174 2173 673 2155 2154 3276 4199 4819 4820 4821 
	}
}
philippines={
	location=1397
	outgoing={
		name="the_moluccas"
		path={
			1399 1357 
		}
		control={
			4536.000000 1091.000000 4506.000000 1022.000000 4487.000000 921.000000 
		}
	}
	outgoing={
		name="polynesia_node"
		path={
			1403 1434 1676 1734 
		}
		control={
			4562.000000 1206.000000 4571.000000 1206.000000 4577.000000 1201.000000 4593.000000 1212.000000 4647.000000 1218.000000 4925.000000 1254.000000 5245.000000 1319.000000 5478.000000 1391.000000 
		}
	}
	members={
		1398 651 652 653 654 655 656 657 658 1996 2698 2697 2699 2700 2702 2701 4348 4349 4350 4351 4352 4353 4354 4355 4356 1397 
	}
}
polynesia_node={
	location=1997
	color={
		220 138 57 
	}
	outgoing={
		name="nippon"
		path={
			1675 1672 1671 1439 1437 
		}
		control={
			5397.000000 1465.000000 4962.000000 1507.000000 4785.000000 1537.000000 4713.000000 1525.000000 4700.000000 1548.000000 4689.000000 1552.000000 4678.000000 1559.000000 
		}
	}
	outgoing={
		name="australia"
		path={
			1735 1732 1733 1431 1427 
		}
		control={
			5486.000000 1263.000000 5308.000000 1044.000000 5175.000000 819.000000 5097.000000 694.000000 
		}
	}
	outgoing={
		name="panama"
		path={
			1736 1740 1741 1711 1708 1702 1547 1548 835 
		}
		control={
			5616.000000 1402.000000 22.000000 1386.000000 149.000000 1330.000000 282.000000 1276.000000 845.000000 1199.000000 1204.000000 1111.000000 1367.000000 1096.000000 
		}
	}
	members={
		1423 1431 1106 1107 1108 1109 1235 1236 1238 1239 1240 1241 1242 1243 1244 1246 1986 1987 1988 1989 1990 1991 1992 1993 1994 1995 1997 2738 2737 2739 3112 3113 3142 3214 3215 3216 3217 3238 3239 3240 4934 4935 4936 4937 4938 4939 
	}
}
australia={
	location=1411
	outgoing={
		name="the_moluccas"
		path={
			1411 1407 1410 1409 1401 1357 
		}
		control={
			4955.000000 736.000000 4884.000000 844.000000 4777.000000 860.000000 4674.000000 912.000000 4572.000000 896.000000 
		}
	}
	members={
		1411 1084 1085 1086 1087 1088 1089 1090 1091 1092 1093 1094 1237 1790 1791 3044 3045 2726 2736 2727 2728 2729 2730 2731 2732 2733 3048 3049 3050 3051 3052 3053 3054 3055 3056 2722 2721 2720 2735 2734 3119 3122 3144 3145 4846 4847 4848 4849 4850 4851 4852 4853 4854 4855 4856 4857 4858 4859 4860 4861 4862 4863 4864 4865 4866 4867 4868 4869 
	}
}
girin={
	location=730
	color={
		41 82 45 
	}
	outgoing={
		name="nippon"
		path={
			1389 1373 684 
		}
		control={
			4633.000000 1699.000000 4622.000000 1666.000000 4664.000000 1620.000000 
		}
	}
	outgoing={
		name="beijing"
		path={
			1389 1373 684 
		}
		control={
			4593.000000 1720.000000 4546.000000 1693.000000 4505.000000 1662.000000 
		}
	}
	outgoing={
		name="siberia"
		path={
			3048 722 721 1057 1060 1062 1064 
		}
		control={
			4539.000000 1769.000000 4485.000000 1811.000000 4349.000000 1781.000000 4259.000000 1832.000000 4218.000000 1918.000000 4160.000000 1982.000000 4048.000000 1993.000000 
		}
	}
	members={
		724 2109 728 731 729 730 2107 1033 1034 1035 1036 1037 1038 1039 1040 1041 1042 1043 1044 1046 1047 4658 1049 1050 1051 1052 1053 1055 1056 1057 1058 1783 2106 2110 2111 2108 725 2187 2188 2185 727 2104 1048 2105 2186 1850 2446 2102 2438 2439 2440 4657 4200 4201 4202 4214 4215 4216 4217 4218 4653 4654 4655 4656 2103 4659 4660 4661 4662 4663 4664 4665 4674 
	}
}
siberia={
	location=1064
	inland=yes
	outgoing={
		name="kazan"
		path={
			1062 1064 480 479 472 475 1082 
		}
		control={
			3945.000000 2002.000000 3841.000000 2052.000000 3737.000000 2059.000000 3692.000000 2001.000000 3584.000000 1968.000000 3500.000000 1968.000000 3429.000000 1952.000000 
		}
	}
	outgoing={
		name="samarkand"
		path={
			480 478 477 1969 457 454 
		}
		control={
			3965.000000 1947.000000 3878.000000 1909.000000 3785.000000 1783.000000 3766.000000 1736.000000 3722.000000 1703.000000 3694.000000 1660.000000 
		}
	}
	members={
		479 480 1045 1054 1059 1060 1061 1062 1063 1064 1067 1068 1069 1070 1071 1073 1074 1075 1076 1078 1080 1781 1782 1966 2426 2354 2357 2369 2427 2428 2429 2433 2434 2445 2430 2431 2432 2443 2442 2435 2436 2437 4686 4687 4688 4689 4690 4691 4692 
	}
}
nippon={
	location=1376
	outgoing={
		name="hangzhou"
		path={
			1389 1373 684 
		}
		control={
			4647.000000 1543.000000 4571.000000 1505.000000 4532.000000 1495.000000 
		}
	}
	members={
		732 733 2694 735 2745 737 1013 1845 4227 734 734 2744 2743 2742 2741 1376 1012 1014 1017 1018 1019 1020 1021 1023 1024 1025 1026 1027 1028 1029 1030 1031 1032 1818 1819 1820 1825 1830 1832 1835 1837 1839 1843 1847 1852 2741 4131 4180 4181 4182 4183 4184 4185 4186 4187 4188 4189 4190 4191 4192 4193 736 4228 4229 4230 4231 4232 4359 4360 4651 
	}
}
hangzhou={
	location=684
	outgoing={
		name="xian"
		path={
			686 2175 687 689 698 2134 707 
		}
		control={
			4500.000000 1514.000000 4468.000000 1555.000000 4408.000000 1567.000000 
		}
	}
	outgoing={
		name="beijing"
		path={
			684 1373 1374 1375 
		}
		control={
			4561.000000 1516.000000 4559.000000 1623.000000 4492.000000 1634.000000 
		}
	}
	outgoing={
		name="malacca"
		path={
			1373 1392 1393 1395 1368 1360 1361 
		}
		control={
			4563.000000 1486.000000 4552.000000 1404.000000 4532.000000 1330.000000 4384.000000 1137.000000 4329.000000 1054.000000 
		}
	}
	members={
		669 670 2172 682 684 683 2142 686 2175 1015 1821 1822 1824 1829 1833 687 1838 2153 2152 2150 2149 2148 2146 2147 2151 2171 681 2176 2144 2141 2143 2145 685 4196 4197 
	}
}
xian={
	location=700
	inland=yes
	outgoing={
		name="yumen"
		path={
			695 2136 697 701 709 707 
		}
		control={
			4322.000000 1558.000000 4268.000000 1576.000000 4230.000000 1618.000000 4179.000000 1655.000000 
		}
	}
	outgoing={
		name="beijing"
		path={
			695 2136 697 701 709 707 
		}
		control={
			4387.000000 1574.000000 4409.000000 1574.000000 4441.000000 1618.000000 4462.000000 1637.000000 
		}
	}
	members={
		688 689 2177 694 697 698 699 700 701 2747 709 2183 1836 692 2178 693 2179 2181 2180 702 2114 4198 4223 4670 4671 
	}
}
beijing={
	location=4233
	outgoing={
		name="yumen"
		path={
			695 2136 697 701 709 707 
		}
		control={
			4417.000000 1653.000000 4348.000000 1608.000000 4263.000000 1605.000000 4179.000000 1658.000000 
		}
	}
	members={
		2139 691 696 695 2136 703 704 722 726 1816 3009 3010 690 2138 2140 2137 2113 2112 2115 4194 4195 4203 4652 4672 4675 4233 
	}
}
the_moluccas={
	location=1357
	outgoing={
		name="malacca"
		path={
			1358 1360 
		}
		control={
			4515.000000 885.000000 4384.000000 936.000000 4339.000000 970.000000 
		}
	}
	members={
		1357 624 625 2690 627 629 2689 630 631 632 633 634 2695 641 642 643 644 645 646 647 648 649 650 1245 1789 635 2687 2688 626 628 2691 2692 2693 2715 2714 2713 2717 2716 2719 2696 2725 2718 2723 2724 3047 3120 4790 4791 4792 4793 4794 4795 4796 4797 4798 4845 
	}
}
burma={
	location=584
	color={
		35 229 76 
	}
	inland=yes
	outgoing={
		name="ganges_delta"
		path={
			4396 1815 
		}
		control={
			4117.000000 1339.000000 4126.000000 1302.000000 4131.000000 1274.000000 4104.000000 1255.000000 4061.000000 1313.000000 
		}
	}
	outgoing={
		name="gulf_of_siam"
		path={
			4395 585 586 590 2403 4835 4834 600 4831 1365 
		}
		control={
			4142.000000 1308.000000 4162.000000 1272.000000 4185.000000 1275.000000 4203.000000 1252.000000 4207.000000 1201.000000 
		}
	}
	members={
		566 570 571 573 580 581 582 583 584 585 587 588 1788 1950 2042 2040 2041 2398 2397 2395 2396 2400 2399 2401 4393 4394 4395 4396 4397 4398 4404 4405 4406 4440 
	}
}
gulf_of_siam={
	location=1365
	color={
		84 152 93 
	}
	outgoing={
		name="malacca"
		path={
			1364 1362 1361 
		}
		control={
			4234.000000 1136.000000 4267.000000 1090.000000 
		}
	}
	members={
		1365 589 2404 592 600 601 602 603 604 605 606 607 608 609 611 612 614 615 1022 1817 1823 1844 591 2389 2388 2386 2385 2381 2384 2382 2383 2371 2375 2374 2376 2377 2378 2380 2379 2387 4822 4823 4824 4825 4826 4827 4828 4829 4830 4831 4832 4833 4834 4835 4836 4837 4838 4839 4840 4841 4842 
	}
}
malacca={
	location=1361
	outgoing={
		name="ganges_delta"
		path={
			1348 1347 1345 1344 1343 
		}
		control={
			4258.000000 1018.000000 4154.000000 1114.000000 4117.000000 1218.000000 4056.000000 1307.000000 
		}
	}
	outgoing={
		name="zanzibar"
		path={
			1352 1624 1623 1621 1620 1617 1450 1448 
		}
		control={
			4312.000000 959.000000 4227.000000 901.000000 3780.000000 981.000000 3487.000000 941.000000 
		}
	}
	members={
		1361 574 593 594 595 596 597 598 599 617 618 2681 620 621 622 623 636 637 638 639 2706 2686 1998 1999 2705 2390 2391 2394 2393 2392 2673 2674 2685 619 2675 2682 2680 2676 2677 2684 2678 2704 640 2708 2707 2712 2710 2711 2709 2703 659 2679 2683 3213 4799 4800 4801 4802 4803 4804 4805 4806 4807 4808 4809 4810 4811 4812 4813 4814 4815 4816 4817 4818 4843 4844 
	}
}
yumen={
	location=707
	inland=yes
	outgoing={
		name="samarkand"
		path={
			713 1786 739 4210 2127 1967 454 
		}
		control={
			4028.000000 1662.000000 3949.000000 1675.000000 3862.000000 1652.000000 3819.000000 1647.000000 3769.000000 1671.000000 3728.000000 1662.000000 3702.000000 1660.000000 3687.000000 1653.000000 
		}
	}
	members={
		707 708 710 711 712 713 2120 715 716 717 718 719 720 721 723 1065 1786 2118 2184 2182 2121 2192 2123 2122 2191 714 2119 2117 2193 2190 2189 2116 1066 4206 4207 4208 4219 4220 4221 4222 4666 4667 4668 4669 4673 4676 4677 4678 4679 4680 4681 4682 4683 4684 4693 
	}
}
ganges_delta={
	location=1343
	outgoing={
		name="comorin_cape"
		path={
			1342 1341 1340 
		}
		control={
			3954.000000 1266.000000 3888.000000 1167.000000 3873.000000 1133.000000 
		}
	}
	outgoing={
		name="doab"
		path={
			578 451 450 453 454 
		}
		control={
			4016.879883 1342.959961 4008.000000 1402.000000 3957.000000 1417.000000 3923.000000 1408.000000 3885.000000 1424.000000 
		}
	}
	members={
		1343 547 552 2048 560 561 562 563 564 567 568 579 586 590 1815 2043 2049 553 2082 2044 2045 2096 2081 2038 2039 2046 2091 2402 2403 4473 4399 4441 4445 4446 4447 4448 4450 4451 4452 4470 4471 4474 4475 4476 4477 4478 4479 4486 
	}
}
doab={
	location=524
	inland=yes
	outgoing={
		name="deccan"
		path={
			525 2093 
		}
		control={
			3856.000000 1399.000000 3841.000000 1359.000000 3825.000000 1339.000000 3825.000000 1310.000000 
		}
	}
	outgoing={
		name="lahore"
		path={
			522 2065 
		}
		control={
			3852.000000 1451.000000 3836.000000 1479.000000 3810.000000 1500.000000 
		}
	}
	members={
		509 510 511 519 520 522 523 524 525 528 2098 556 555 558 559 2065 2062 2060 2069 2064 740 2097 2059 2063 2061 2094 2055 2095 2047 4459 4464 4465 4466 4467 4468 4469 4472 4484 4487 4488 4489 4490 4493 4494 4495 4496 4497 4498 4499 4500 
	}
}
lahore={
	location=507
	color={
		63 150 30 
	}
	inland=yes
	outgoing={
		name="samarkand"
		path={
			578 451 450 453 454 
		}
		control={
			3786.000000 1533.000000 3766.000000 1554.000000 3729.000000 1561.000000 3702.000000 1572.000000 3696.000000 1602.000000 3666.000000 1619.000000 
		}
	}
	outgoing={
		name="persia"
		path={
			578 451 450 446 
		}
		control={
			3749.000000 1478.000000 3716.000000 1457.000000 3698.000000 1478.000000 3663.000000 1502.000000 3602.000000 1499.000000 3542.000000 1497.000000 3494.000000 1510.000000 3469.000000 1540.000000 3444.000000 1552.000000 3442.000000 1574.000000 3438.000000 1588.000000 
		}
	}
	outgoing={
		name="gujarat"
		path={
			506 504 
		}
		control={
			3802.000000 1474.000000 3819.000000 1447.000000 3819.000000 1424.000000 3789.000000 1399.000000 3775.000000 1373.000000 
		}
	}
	members={
		447 448 449 450 451 506 507 2073 510 576 577 578 508 2228 2225 2227 452 2226 2074 2077 2076 2078 2079 2086 2068 2075 2065 4343 4411 4449 4463 4508 4509 4510 4511 4513 4521 
	}
}
deccan={
	location=1948
	color={
		241 13 61 
	}
	inland=yes
	outgoing={
		name="gujarat"
		path={
			4311 517 1337 
		}
		control={
			3815.000000 1310.000000 3803.000000 1343.000000 3783.000000 1346.000000 3779.000000 1361.000000 
		}
	}
	outgoing={
		name="comorin_cape"
		path={
			541 4300 4292 3015 
		}
		control={
			3834.000000 1259.000000 3843.000000 1227.000000 3827.000000 1187.000000 3841.000000 1143.000000 
		}
	}
	members={
		526 527 532 2037 544 545 546 548 551 569 2093 1946 1948 2056 2057 550 2092 2034 2033 542 2035 2028 2050 4428 4431 4432 4433 4434 4435 4436 4437 4438 4439 4442 4443 4444 4453 4458 4460 4461 
	}
}
comorin_cape={
	location=1340
	outgoing={
		name="gulf_of_aden"
		path={
			1615 1451 1331 
		}
		control={
			3752.000000 1156.000000 3536.000000 1215.000000 
		}
	}
	outgoing={
		name="gujarat"
		path={
			1339 1338 1337 504 
		}
		control={
			3798.000000 1199.000000 3766.000000 1278.000000 3771.000000 1338.000000 
		}
	}
	outgoing={
		name="zanzibar"
		path={
			1336 1452 1451 1453 1447 
		}
		control={
			3716.000000 1106.000000 3405.000000 955.000000 
		}
	}
	members={
		1340 2030 533 534 535 536 537 538 539 540 541 2083 549 572 1101 1248 2085 1949 531 2029 2032 2101 2100 2099 2026 1947 2027 2031 2090 543 2084 2080 4407 4408 4409 4410 4412 4413 4414 4415 4416 4417 4418 4419 4420 4421 4422 4423 4424 4425 4426 4427 
	}
}
gujarat={
	location=4457
	color={
		135 104 85 
	}
	outgoing={
		name="gulf_of_aden"
		path={
			1336 1333 1332 1331 
		}
		control={
			3746.000000 1328.000000 3538.000000 1259.000000 
		}
	}
	outgoing={
		name="hormuz"
		path={
			1336 1334 
		}
		control={
			3742.000000 1367.000000 3700.000000 1366.000000 3553.000000 1399.000000 
		}
	}
	outgoing={
		name="zanzibar"
		path={
			1336 1452 1451 1453 1447 
		}
		control={
			3756.000000 1324.000000 3621.000000 1226.000000 3376.000000 986.000000 
		}
	}
	members={
		503 504 2072 512 513 514 2052 2054 517 2058 521 529 530 505 2088 2066 2087 2067 518 2053 515 2051 516 2036 2089 4429 4430 4454 4455 4455 4456 4457 4462 4480 4501 4502 4503 4504 4505 4506 4507 4512 
	}
}
gulf_of_aden={
	location=4346
	outgoing={
		name="zanzibar"
		path={
			1446 1447 1448 
		}
		control={
			3433.000000 1127.000000 3373.000000 1041.000000 3305.000000 979.000000 
		}
	}
	outgoing={
		name="alexandria"
		path={
			1330 1329 1328 361 358 
		}
		control={
			3321.169922 1201.170044 3238.000000 1345.000000 3180.000000 1432.000000 3155.000000 1461.000000 3139.000000 1492.000000 3119.000000 1504.000000 
		}
	}
	outgoing={
		name="hormuz"
		path={
			2343 1779 395 1335 
		}
		control={
			3556.000000 1299.000000 3579.000000 1369.000000 3535.000000 1395.000000 
		}
	}
	outgoing={
		name="ethiopia"
		path={
			1330 1329 1328 361 358 
		}
		control={
			3352.929932 1187.380005 3304.889893 1188.599976 3279.000000 1180.000000 3249.000000 1190.000000 
		}
	}
	members={
		386 387 388 2343 390 391 401 402 1099 1205 1211 1232 2324 2764 2768 2773 2784 2787 1209 1212 2765 1230 1215 2781 2346 2345 2344 389 2342 2341 2793 2792 2790 2789 2786 2788 1206 2024 2783 2795 2785 2782 2780 2776 2775 2794 3267 3268 4279 4280 4281 4282 4283 4284 1331 4346 
	}
}
katsina={
	location=1149
	inland=yes
	outgoing={
		name="tunis"
		path={
			352 341 
		}
		control={
			2792.000000 1219.000000 2842.000000 1236.000000 2846.000000 1289.000000 2844.000000 1340.000000 2873.000000 1401.000000 2858.000000 1457.000000 2851.000000 1521.000000 2797.000000 1543.000000 2790.000000 1582.000000 
		}
	}
	outgoing={
		name="timbuktu"
		path={
			352 341 
		}
		control={
			2745.000000 1206.000000 2716.000000 1214.000000 2703.000000 1207.000000 2681.000000 1212.000000 2660.000000 1232.000000 2632.000000 1275.000000 
		}
	}
	outgoing={
		name="ethiopia"
		path={
			1127 346 344 345 
		}
		control={
			2790.000000 1202.000000 2835.000000 1209.000000 2859.000000 1196.000000 2907.000000 1222.000000 2997.000000 1218.000000 3031.000000 1194.000000 3123.000000 1216.000000 3161.000000 1217.000000 3177.000000 1184.000000 3202.000000 1180.000000 3220.000000 1184.000000 
		}
	}
	members={
		1144 1145 1146 1148 1149 1150 1153 1154 1155 1156 2284 1158 1159 1157 1161 1162 1249 1160 2932 2475 2275 2272 2274 3027 2286 3033 3062 2293 2278 2281 2280 2283 2285 2273 2276 2279 2282 2277 2288 2287 3074 3101 3235 3274 
	}
}
timbuktu={
	location=1132
	inland=yes
	outgoing={
		name="safi"
		path={
			1127 346 344 345 
		}
		control={
			2603.000000 1328.000000 2616.000000 1440.000000 2589.000000 1490.000000 2555.000000 1513.000000 2526.000000 1503.000000 2517.000000 1513.000000 
		}
	}
	outgoing={
		name="ivory_coast"
		path={
			1141 1140 1143 1142 1794 
		}
		control={
			2581.000000 1250.000000 2571.000000 1219.000000 2593.000000 1202.000000 2595.000000 1167.000000 2620.000000 1142.000000 2638.000000 1123.000000 2638.000000 1103.000000 2650.000000 1089.000000 
		}
	}
	members={
		1115 1120 1121 1123 2253 1125 1128 1129 1130 1131 1132 1133 1134 1135 1136 1137 1140 1142 1143 2244 2243 2247 2246 2240 2237 2245 2248 1124 2249 1122 2250 2251 2260 2259 2261 2263 2264 2262 2252 2267 2266 2265 2256 2295 2292 2291 2270 2271 2269 2268 3260 3269 3273 
	}
}
hormuz={
	location=1334
	outgoing={
		name="basra"
		path={
			1334 1335 
		}
		control={
			3493.000000 1421.000000 3440.000000 1444.000000 
		}
	}
	members={
		1334 397 398 399 400 403 404 2223 431 432 2233 435 575 2231 2218 430 2219 2234 2220 434 2232 2230 2229 2224 2333 2999 4285 4286 4287 4327 4328 4329 4330 4331 4332 4345 
	}
}
great_lakes={
	location=4064
	inland=yes
	outgoing={
		name="congo"
		path={
			4067 
		}
		control={
			3115.000000 1001.000000 3095.000000 968.000000 3065.000000 962.000000 3037.000000 948.000000 
		}
	}
	outgoing={
		name="ethiopia"
		path={
			4064 
		}
		control={
			3141.000000 1031.000000 3146.000000 1056.000000 3134.000000 1077.000000 3146.000000 1128.000000 3183.000000 1135.000000 3202.000000 1153.000000 3221.000000 1164.000000 
		}
	}
	outgoing={
		name="zanzibar"
		path={
			4054 
		}
		control={
			3175.000000 1012.000000 3196.000000 991.000000 3222.000000 983.000000 3246.000000 947.000000 3262.000000 931.000000 
		}
	}
	members={
		4072 4056 1273 3018 4070 4067 4064 4054 4074 4061 4058 4055 2777 1925 4068 4041 4077 4076 4071 4069 4063 4063 4057 4059 4066 4065 4075 4062 4053 4060 4051 4052 
	}
}
congo={
	location=4089
	inland=yes
	outgoing={
		name="ivory_coast"
		path={
			1464 1465 1466 
		}
		control={
			2973.000000 949.000000 2935.000000 953.000000 2895.000000 956.000000 2861.000000 931.000000 2804.000000 918.000000 2698.000000 1021.000000 
		}
	}
	outgoing={
		name="zambezi"
		path={
			4101 
		}
		control={
			3012.000000 924.000000 3014.000000 886.000000 3031.000000 827.000000 3074.000000 805.000000 3074.000000 776.000000 3090.000000 761.000000 
		}
	}
	members={
		1169 1170 1171 1796 1797 1901 3019 3020 3022 3023 3028 4088 4081 3060 3063 3064 4099 4107 4093 3068 4090 3069 4085 3102 3103 2949 2948 798 4083 4082 4084 4087 4086 4089 4091 4092 4098 4096 4097 4100 4101 4103 4105 4109 3219 3229 3230 3231 3232 3233 3234 3261 
	}
}
zambezi={
	location=1190
	inland=yes
	outgoing={
		name="zanzibar"
		path={
			1192 
		}
		control={
			3151.000000 759.000000 3180.000000 737.000000 3232.000000 704.000000 3289.000000 768.000000 3275.000000 868.000000 
		}
	}
	members={
		1184 1188 2951 1191 1190 1187 4040 4050 3015 3016 4037 3017 4104 4108 4102 4038 1189 1185 2950 3218 3221 4106 4046 4047 4039 4034 4048 4035 4036 4043 4042 4041 4044 4045 4073 4094 4095 3222 3265 3266 
	}
}
ethiopia={
	location=1224
	inland=yes
	outgoing={
		name="alexandria"
		path={
			1330 1329 1328 361 358 
		}
		control={
			3221.000000 1203.000000 3177.000000 1216.000000 3159.000000 1241.000000 3147.000000 1258.000000 3171.000000 1280.000000 3155.000000 1316.000000 3122.000000 1292.000000 3117.000000 1335.000000 3147.000000 1373.000000 3145.000000 1408.000000 3116.000000 1450.000000 3123.000000 1482.000000 
		}
	}
	members={
		1207 2760 1213 1216 2759 2757 2801 1220 1221 1222 1223 1224 1225 1226 1228 2767 1229 1218 3024 1219 1217 3032 2797 774 2802 2800 2798 2799 3075 3076 2766 1227 2771 2772 2769 1214 2770 2763 2762 2758 2756 2778 2779 2791 2761 1210 1208 1799 1798 4033 4158 
	}
}
zanzibar={
	location=1448
	outgoing={
		name="cape_of_good_hope"
		path={
			1449 1456 1457 1458 1459 1460 
		}
		control={
			3296.000000 832.000000 3302.000000 754.000000 3250.000000 625.000000 3075.770020 453.109985 
		}
	}
	members={
		1448 1449 1100 1102 1103 1183 1186 1192 1193 4022 1195 1196 1199 1200 1201 1202 1203 1204 1792 4020 2774 2796 788 1198 1197 2952 4028 4025 4030 3114 4049 1194 3264 4031 4023 4021 4024 4027 4026 4032 4029 
	}
}
cape_of_good_hope={
	location=1460
	outgoing={
		name="ivory_coast"
		path={
			1461 1462 1463 1464 1465 1466 
		}
		control={
			2821.000000 599.000000 2753.000000 862.000000 2673.000000 992.000000 
		}
	}
	members={
		1460 1172 1173 1174 1175 1176 1177 1178 1179 1180 1181 1182 1801 4783 3011 3012 3013 3014 3058 3065 3066 3067 3071 2864 4781 789 2880 2856 833 3220 3223 3224 3225 4782 4784 3226 3227 3228 1800 
	}
}
basra={
	location=1335
	outgoing={
		name="aleppo"
		path={
			408 409 2334 382 377 1317 1848 322 317 1320 
		}
		control={
			3374.000000 1499.000000 3340.000000 1513.000000 3330.000000 1538.000000 3296.000000 1562.000000 3279.000000 1565.000000 3256.000000 1587.000000 
		}
	}
	outgoing={
		name="persia"
		path={
			412 413 428 426 
		}
		control={
			3391.000000 1502.000000 3398.000000 1513.000000 3390.000000 1533.000000 3371.000000 1552.000000 3405.000000 1564.000000 3417.000000 1586.000000 
		}
	}
	members={
		1335 392 393 2347 395 396 4272 408 409 410 412 413 414 1779 2340 406 2310 394 2311 2312 2209 2210 2217 2337 2336 2335 2339 2338 3211 4273 4274 4275 4288 4289 4290 4291 4342 
	}
}
samarkand={
	location=454
	inland=yes
	outgoing={
		name="persia"
		path={
			442 441 438 437 2214 426 
		}
		control={
			3641.000000 1621.000000 3606.000000 1586.000000 3566.000000 1594.000000 3532.000000 1613.000000 3497.000000 1612.000000 3477.000000 1597.000000 
		}
	}
	outgoing={
		name="astrakhan"
		path={
			442 440 443 470 465 464 
		}
		control={
			3624.000000 1654.000000 3596.000000 1677.000000 3559.000000 1701.000000 3479.000000 1756.000000 3466.000000 1787.000000 3414.000000 1787.000000 
		}
	}
	members={
		440 441 442 444 445 446 2127 453 454 455 456 457 458 2126 460 461 476 477 478 739 2355 4210 1967 1968 1969 1970 1973 2350 2370 2362 2363 2356 2364 2125 2351 2353 2352 2358 2361 459 2368 2360 2359 2124 4209 4344 4685 
	}
}
persia={
	location=426
	color={
		204 119 31 
	}
	inland=yes
	outgoing={
		name="aleppo"
		path={
			417 420 419 418 332 329 325 316 1320 
		}
		control={
			3410.000000 1607.000000 3388.000000 1596.000000 3355.000000 1597.000000 3346.000000 1584.000000 3318.000000 1598.000000 3273.000000 1602.000000 3234.000000 1607.000000 
		}
	}
	members={
		415 416 417 419 420 421 424 426 2214 428 429 433 2221 437 438 439 443 446 2206 2205 2211 2207 2202 2212 2215 2213 2216 2222 2349 2236 427 2235 436 4171 4293 4294 4299 4300 4304 4305 4324 4325 4326 4334 4336 4338 4339 4340 3243 4335 4337 4341 
	}
}
aleppo={
	location=377
	color={
		60 120 180 
	}
	outgoing={
		name="constantinople"
		path={
			408 409 2334 382 377 1317 1848 322 317 1320 
		}
		control={
			3201.000000 1592.000000 3203.000000 1602.000000 3191.000000 1611.000000 3190.000000 1626.000000 3169.000000 1638.000000 3142.000000 1656.000000 3112.000000 1658.000000 3102.000000 1669.000000 
		}
	}
	outgoing={
		name="alexandria"
		path={
			1316 1315 358 
		}
		control={
			3211.000000 1575.000000 3185.000000 1561.000000 3130.000000 1539.000000 
		}
	}
	members={
		323 324 327 331 332 377 378 382 2334 407 411 418 1849 1855 2204 2305 2308 2306 2307 2309 2301 2302 2313 2303 3070 405 2314 4270 4271 4292 4295 4296 4297 4298 4303 4307 4310 
	}
}
alexandria={
	location=358
	color={
		200 200 102 
	}
	outgoing={
		name="constantinople"
		path={
			362 363 1316 1932 318 317 1320 
		}
		control={
			3079.000000 1550.000000 3053.000000 1575.000000 3050.000000 1602.000000 3027.000000 1634.000000 3042.000000 1653.000000 3054.000000 1665.000000 3063.000000 1668.000000 3070.000000 1673.000000 
		}
	}
	outgoing={
		name="venice"
		path={
			1315 1318 145 1773 144 4175 1310 1309 1308 
		}
		control={
			3050.000000 1544.000000 2990.459961 1571.119995 2940.000000 1631.000000 2921.000000 1679.000000 2867.000000 1711.000000 
		}
	}
	outgoing={
		name="genua"
		path={
			2325 1314 1313 1306 1302 1303 1298 1297 
		}
		control={
			3041.000000 1525.000000 2870.000000 1593.000000 2821.000000 1616.000000 2794.000000 1677.000000 2785.000000 1715.000000 
		}
	}
	members={
		383 384 385 163 321 2325 358 359 360 361 362 363 364 365 379 380 381 1231 1233 1234 1794 1795 1854 2321 1854 2318 2322 2323 2319 2317 2320 2316 2315 2327 2328 2329 2330 2332 2331 3026 3263 4172 4268 4269 4277 4278 4316 4317 4318 4319 4320 4323 3244 4321 
	}
}
astrakhan={
	location=464
	inland=yes
	outgoing={
		name="kazan"
		path={
			466 303 1081 1082 
		}
		control={
			3358.000000 1812.000000 3336.000000 1822.000000 3343.000000 1843.000000 3355.000000 1872.000000 3390.000000 1894.000000 3392.000000 1927.000000 
		}
	}
	outgoing={
		name="crimea"
		path={
			468 287 1323 
		}
		control={
			3353.000000 1802.000000 3316.000000 1803.000000 3276.000000 1799.000000 3257.000000 1790.000000 3221.000000 1777.000000 3200.000000 1740.000000 3161.000000 1733.000000 
		}
	}
	members={
		288 299 302 303 304 425 464 465 466 467 468 469 470 471 472 474 1971 2208 2199 2198 2365 2367 2366 2409 2408 2416 2417 2415 2418 2419 4306 
	}
}
crimea={
	location=1322
	color={
		59 158 125 
	}
	outgoing={
		name="kiev"
		path={
			284 282 281 280 
		}
		control={
			3126.000000 1773.000000 3157.000000 1783.000000 3171.000000 1796.000000 3183.000000 1799.000000 3179.000000 1816.000000 3143.000000 1833.000000 
		}
	}
	outgoing={
		name="constantinople"
		path={
			1322 1321 1320 
		}
		control={
			3108.000000 1715.000000 
		}
	}
	outgoing={
		name="pest"
		path={
			4706 4531 4176 4126 153 
		}
		control={
			3098.000000 1756.000000 3083.000000 1754.000000 3074.000000 1754.000000 3071.000000 1736.000000 3048.000000 1731.000000 3033.000000 1724.000000 2997.000000 1730.000000 2978.000000 1742.000000 2961.000000 1744.000000 2954.000000 1752.000000 2937.000000 1756.000000 2934.000000 1772.000000 
		}
	}
	members={
		1323 1322 462 1856 463 2201 2195 2197 282 1974 2406 286 287 2413 2414 284 285 2410 2447 283 2411 2412 330 331 2305 422 268 1756 2405 423 2203 4301 2196 2204 4303 3061 4302 4529 4530 3249 
	}
}
constantinople={
	location=1320
	color={
		126 203 120 
	}
	outgoing={
		name="ragusa"
		path={
			149 1765 1766 138 137 
		}
		control={
			3080.000000 1681.000000 3039.000000 1696.000000 3016.000000 1698.000000 2995.000000 1710.000000 2972.000000 1721.000000 2952.000000 1725.000000 2935.000000 1705.000000 
		}
	}
	members={
		1320 149 151 1764 325 328 4705 2299 2304 150 159 1765 2746 2750 4700 4703 4779 329 1846 2300 4314 4315 316 317 2296 322 1848 4308 4311 318 319 2297 2298 4309 326 4312 4313 164 320 1319 2348 4706 4704 3250 
	}
}
kiev={
	location=280
	inland=yes
	outgoing={
		name="novgorod"
		path={
			278 292 275 311 310 
		}
		control={
			3120.250000 1880.209961 3111.000000 1895.000000 3114.000000 1925.000000 3107.000000 1955.000000 3119.000000 1995.000000 3112.000000 2013.000000 
		}
	}
	outgoing={
		name="krakow"
		path={
			279 260 262 
		}
		control={
			3082.000000 1842.000000 3040.000000 1823.000000 3007.000000 1836.000000 2978.000000 1850.000000 
		}
	}
	members={
		272 275 279 281 770 1937 1943 2962 277 278 1941 291 298 299 293 297 4244 4245 296 300 4116 280 1942 1944 4247 289 290 1945 2407 292 771 4246 276 4115 4242 4537 4536 4535 4545 4544 4540 4539 4542 4543 269 4924 
	}
}
kazan={
	location=1082
	inland=yes
	outgoing={
		name="novgorod"
		path={
			306 307 308 312 310 
		}
		control={
			3368.000000 1967.000000 3314.000000 1965.000000 3278.000000 1937.000000 3257.000000 1938.000000 3210.000000 1964.000000 3167.000000 2005.000000 3132.000000 2018.000000 
		}
	}
	members={
		305 306 473 475 1077 1079 1081 1082 1083 1754 1778 1957 1962 1965 1972 2423 2422 2421 2420 2444 2441 4254 4264 4265 4266 4267 
	}
}
novgorod={
	location=33
	color={
		97 126 37 
	}
	outgoing={
		name="baltic_sea"
		path={
			34 36 1926 
		}
		control={
			3088.000000 2042.000000 2989.000000 2028.000000 
		}
	}
	outgoing={
		name="white_sea"
		path={
			1261 309 1652 
		}
		control={
			3143.000000 2037.000000 3173.000000 2052.000000 3208.000000 2056.000000 3223.000000 2092.000000 3224.000000 2124.000000 3203.000000 2141.000000 3216.000000 2159.000000 
		}
	}
	members={
		30 33 34 1961 274 1960 4148 310 311 1959 2749 4260 294 1752 4243 4248 4249 301 1778 4255 295 4251 4252 307 4147 4253 308 1753 4117 4250 1754 1956 4254 312 4259 4261 
	}
}
bolivia={
	location=2941
	outgoing={
		name="peru"
		path={
			1535 1534 1533 1532 1531 
		}
		control={
			1583.000000 735.000000 1537.000000 777.000000 1491.000000 794.000000 1474.000000 818.000000 1454.000000 825.000000 1438.000000 839.000000 
		}
	}
	outgoing={
		name="laplata"
		path={
			778 2861 2845 792 1542 1543 1544 
		}
		control={
			1608.000000 677.000000 1642.000000 667.000000 1677.000000 629.000000 1725.000000 604.000000 1714.000000 570.000000 1684.000000 479.000000 1730.000000 447.000000 
		}
	}
	members={
		791 792 2841 794 2940 796 2941 2942 800 801 802 803 804 2947 2833 2832 2834 2882 2835 2838 795 2946 797 2831 793 2840 2842 2836 2837 
	}
}
patagonia={
	location=1538
	outgoing={
		name="peru"
		path={
			1535 1534 1533 1532 1531 
		}
		control={
			1650.000000 77.000000 1570.670044 32.840000 1439.000000 153.000000 1492.000000 623.000000 
		}
	}
	outgoing={
		name="laplata"
		path={
			778 2861 2845 792 1542 1543 1544 
		}
		control={
			1658.000000 286.000000 1739.000000 373.000000 
		}
	}
	members={
		2870 2869 782 783 784 785 787 1095 1538 2025 2862 2873 2874 781 780 2875 2871 2868 786 2863 2867 2872 2876 2839 
	}
}
laplata={
	location=1536
	outgoing={
		name="brazil"
		path={
			1535 1534 1533 1532 1531 
		}
		control={
			1851.000000 479.000000 1925.000000 604.000000 2009.000000 645.000000 2065.000000 781.000000 
		}
	}
	members={
		2884 2857 772 773 775 2848 778 779 2865 2845 2861 790 799 1536 2877 2847 2866 2860 2849 2846 2844 2843 2878 2854 777 2853 2855 2851 2850 2852 2858 2859 776 2883 2879 2887 
	}
}
peru={
	location=1545
	outgoing={
		name="panama"
		path={
			1545 1546 1547 1548 835 
		}
		control={
			1353.000000 930.000000 1388.000000 1089.000000 
		}
	}
	members={
		805 806 807 808 809 810 811 812 813 814 2945 816 817 818 819 820 821 2002 815 3035 2820 2821 2822 2824 2943 2823 2825 2827 2826 2944 2830 2829 2828 1544 1545 
	}
}
amazonas_node={
	location=2934
	outgoing={
		name="brazil"
		path={
			1584 1469 1470 
		}
		control={
			1743.000000 961.000000 1765.000000 972.000000 1785.000000 966.000000 1815.000000 979.000000 1874.000000 1016.000000 1986.000000 987.000000 2101.000000 916.000000 
		}
	}
	outgoing={
		name="carribean_trade"
		path={
			1584 1469 1470 
		}
		control={
			1689.000000 958.000000 1665.000000 985.000000 1671.000000 1022.000000 1682.000000 1057.000000 1641.000000 1075.000000 1622.000000 1129.000000 1585.000000 1133.000000 1595.000000 1176.000000 1562.000000 1213.000000 1462.000000 1269.000000 
		}
	}
	members={
		2804 743 744 2937 746 747 748 749 2926 2888 822 2812 834 1802 1803 3034 2811 2928 2889 2910 2900 2934 2930 2814 2815 2816 2903 2902 2901 2904 2905 2909 2911 2923 2924 2927 2929 2890 2938 2935 2936 2933 3077 3078 3079 745 2931 2803 742 2810 2813 4605 4608 4613 4614 4617 
	}
}
brazil={
	location=1531
	outgoing={
		name="ivory_coast"
		path={
			1584 1469 1470 
		}
		control={
			2218.000000 887.000000 2534.000000 992.000000 
		}
	}
	members={
		751 752 753 755 2921 756 757 758 759 760 761 762 763 764 765 766 2906 768 769 2920 2895 2896 2897 2893 2881 2907 2919 2892 2894 2899 2898 2916 2917 2918 2891 2908 2925 2885 2914 2913 2912 2915 750 2922 754 2886 1531 
	}
}
ivory_coast={
	location=1466
	outgoing={
		name="carribean_trade"
		path={
			1467 1468 1579 1577 1576 1522 1520 1519 1517 1516 
		}
		control={
			2423.000000 1004.000000 2012.000000 1029.000000 1732.000000 1178.000000 1650.000000 1193.000000 1480.000000 1271.000000 
		}
	}
	outgoing={
		name="bordeaux"
		path={
			1467 1468 1470 1471 1566 1563 
		}
		control={
			2467.000000 1072.000000 2335.000000 1227.000000 2354.000000 1537.000000 2466.000000 1714.000000 
		}
	}
	outgoing={
		name="english_channel"
		path={
			1467 1468 1470 1471 1566 1563 
		}
		control={
			2464.000000 1054.000000 2315.000000 1241.000000 2365.000000 1639.000000 2485.000000 1799.000000 2635.000000 1846.000000 
		}
	}
	outgoing={
		name="sevilla"
		path={
			1467 1468 1470 1471 1566 1563 
		}
		control={
			2482.659912 1079.880005 2390.000000 1159.000000 2350.000000 1238.000000 2368.000000 1376.000000 2445.000000 1475.000000 2475.000000 1537.000000 
		}
	}
	members={
		1096 1097 1098 1113 1114 1116 1117 1118 1119 1125 1126 1138 1139 1141 1147 1151 1152 1163 1164 1165 1166 1168 1167 3006 3007 3021 1306 3059 2238 2239 2241 2254 2255 2258 2257 2289 2290 2242 1466 3118 2294 3237 3270 3271 3272 4078 4079 4080 
	}
}
tunis={
	location=341
	color={
		146 134 57 
	}
	outgoing={
		name="sevilla"
		path={
			340 339 1301 1294 1293 
		}
		control={
			2776.000000 1618.000000 2677.000000 1612.000000 2608.000000 1590.000000 2558.000000 1589.000000 
		}
	}
	outgoing={
		name="valencia"
		path={
			2455 1302 1301 1295 
		}
		control={
			2781.000000 1624.000000 2693.000000 1634.000000 2667.000000 1645.000000 
		}
	}
	outgoing={
		name="genua"
		path={
			1302 1300 1297 
		}
		control={
			2797.000000 1627.000000 2758.000000 1641.000000 2764.000000 1698.000000 
		}
	}
	members={
		339 340 341 350 351 352 1882 126 353 354 355 356 2471 2448 357 2326 2458 2457 2456 2472 2455 2454 2473 2453 2452 2450 2449 2451 3072 3073 2474 2954 4566 4567 
	}
}
ragusa={
	location=137
	outgoing={
		name="pest"
		path={
			137 3002 4239 4173 3147 153 
		}
		control={
			2925.000000 1723.000000 2916.000000 1735.000000 2920.000000 1748.000000 2928.000000 1764.000000 2930.000000 1777.000000 
		}
	}
	outgoing={
		name="venice"
		path={
			136 1308 
		}
		control={
			2882.000000 1708.000000 
		}
	}
	outgoing={
		name="genua"
		path={
			1310 1311 1307 1304 1303 1298 1297 
		}
		control={
			2924.000000 1686.000000 2935.000000 1653.000000 2898.000000 1616.000000 2880.000000 1620.000000 2879.000000 1647.000000 2818.000000 1692.000000 2786.000000 1724.000000 
		}
	}
	members={
		137 138 139 140 141 142 143 144 147 1766 1827 1831 1853 3000 3002 3001 4174 4175 4176 131 148 1828 136 1826 4239 145 146 163 1773 3003 4698 4701 4702 4750 4752 4753 4754 4755 4757 4780 4699 
	}
}
pest={
	location=153
	color={
		172 95 81 
	}
	inland=yes
	outgoing={
		name="wien"
		path={
			153 4240 1772 134 
		}
		control={
			2932.000000 1797.000000 2914.000000 1798.000000 2904.000000 1805.000000 2894.000000 1806.000000 
		}
	}
	outgoing={
		name="krakow"
		path={
			153 1318 2960 262 
		}
		control={
			2938.000000 1805.000000 2952.000000 1819.000000 2959.000000 1832.000000 2949.000000 1843.000000 
		}
	}
	members={
		135 152 154 155 156 157 158 160 161 162 1767 1772 1864 1951 1952 1953 1954 1318 2998 4756 3147 4125 4126 4127 4128 4173 4236 4240 4531 4532 153 
	}
}
safi={
	location=345
	outgoing={
		name="sevilla"
		path={
			2469 1293 
		}
		control={
			2491.000000 1537.000000 2522.000000 1561.000000 
		}
	}
	members={
		335 336 337 338 2469 343 344 345 346 347 348 349 366 368 1110 1111 1112 1127 1793 2465 3025 3029 3030 3031 3259 4569 2470 342 2467 2468 2464 2460 2463 2462 2461 2459 3236 4562 4564 4565 4568 4167 2466 3251 3252 3253 
	}
}
krakow={
	location=262
	inland=yes
	outgoing={
		name="wien"
		path={
			154 1772 134 
		}
		control={
			2922.000000 1844.000000 2914.000000 1830.000000 2896.000000 1819.000000 
		}
	}
	outgoing={
		name="saxony"
		path={
			263 264 1763 
		}
		control={
			2921.000000 1853.000000 2895.000000 1868.000000 2869.000000 1866.000000 
		}
	}
	outgoing={
		name="baltic_sea"
		path={
			258 255 1859 43 1927 1926 
		}
		control={
			2966.000000 1877.000000 2944.000000 1888.000000 2918.000000 1900.000000 2926.000000 1913.000000 2934.000000 1933.000000 2954.000000 1969.000000 
		}
	}
	members={
		258 259 260 261 262 263 264 1940 256 257 1938 1939 254 255 2424 2959 2960 2961 2966 4238 2963 1859 4523 4524 4526 4528 4525 4527 4533 4538 4541 4723 
	}
}
wien={
	location=134
	color={
		220 220 220 
	}
	inland=yes
	outgoing={
		name="venice"
		path={
			132 128 1769 1308 
		}
		control={
			2864.000000 1792.000000 2856.000000 1770.000000 2839.000000 1764.000000 
		}
	}
	outgoing={
		name="rheinland"
		path={
			133 2957 1757 67 66 79 1876 
		}
		control={
			2864.000000 1806.000000 2828.000000 1821.000000 2804.000000 1819.000000 2775.000000 1838.000000 
		}
	}
	outgoing={
		name="saxony"
		path={
			1770 267 266 1771 61 59 
		}
		control={
			2870.000000 1826.000000 2867.000000 1842.000000 2856.000000 1852.000000 2856.000000 1858.000000 
		}
	}
	members={
		64 2957 65 68 76 128 132 133 134 265 1757 1770 1863 2955 2956 1868 70 1872 73 110 1768 4707 4708 4709 4710 4711 4712 4713 4726 4758 4759 4760 4761 4762 4237 
	}
}
saxony={
	location=59
	inland=yes
	outgoing={
		name="rheinland"
		path={
			62 63 79 81 1876 
		}
		control={
			2813.000000 1860.000000 2788.000000 1859.000000 
		}
	}
	outgoing={
		name="lubeck"
		path={
			58 2964 51 2996 45 
		}
		control={
			2817.000000 1882.000000 2825.000000 1896.000000 2808.000000 1906.000000 
		}
	}
	members={
		49 50 57 62 63 1758 51 60 61 267 1759 1763 1771 52 58 59 2964 2965 2967 2971 2969 266 2968 2970 2993 4626 4724 4725 4741 4742 4743 4744 4747 4748 4773 4778 
	}
}
baltic_sea={
	location=1926
	color={
		8 82 165 
	}
	outgoing={
		name="lubeck"
		path={
			1255 1257 1925 45 
		}
		control={
			2932.000000 1971.000000 2879.000000 1934.000000 2843.000000 1935.000000 
		}
	}
	members={
		1926 1 2 3 4 5 1985 8 9 11 18 19 25 27 28 29 31 35 37 38 39 40 271 273 1930 1935 1936 41 42 43 1841 767 2958 2997 4113 4114 4123 4151 4166 270 36 1834 1842 4241 4534 3100 
	}
}
rheinland={
	location=1876
	color={
		114 171 184 
	}
	inland=yes
	outgoing={
		name="champagne"
		path={
			83 1760 80 188 187 186 
		}
		control={
			2750.000000 1843.000000 2726.000000 1825.000000 
		}
	}
	outgoing={
		name="lubeck"
		path={
			1762 57 53 1857 45 
		}
		control={
			2776.000000 1874.000000 2796.000000 1892.000000 
		}
	}
	members={
		56 66 67 69 71 72 74 75 77 78 79 80 81 82 83 84 85 86 1760 1761 1869 1870 1876 1878 1880 2973 2975 166 1873 1762 2972 4714 4715 4716 4717 4718 4722 4765 4767 4768 4774 4775 
	}
}
panama={
	location=835
	outgoing={
		name="carribean_trade"
		path={
			1515 1517 1516 
		}
		control={
			1424.000000 1203.000000 1442.000000 1272.000000 
		}
	}
	members={
		823 824 825 826 827 828 829 832 835 836 837 838 839 840 841 842 843 2663 2660 2661 2640 2662 2637 2653 2636 2664 2806 2819 2817 2818 4587 4589 4592 4593 4594 4595 4596 4597 4599 4600 4601 4602 4603 4604 4607 
	}
}
carribean_trade={
	location=1516
	outgoing={
		name="chesapeake_bay"
		path={
			1524 1503 1502 1501 1500 
		}
		control={
			1494.000000 1332.000000 1529.000000 1353.000000 1467.000000 1497.000000 
		}
	}
	outgoing={
		name="bordeaux"
		path={
			488 490 1526 1575 1583 1580 1567 1563 
		}
		control={
			1507.000000 1329.000000 1673.000000 1348.000000 2189.000000 1612.000000 2468.000000 1738.000000 
		}
	}
	outgoing={
		name="sevilla"
		path={
			488 490 1526 1575 1583 1580 1567 1563 
		}
		control={
			1477.000000 1283.000000 1558.000000 1280.000000 1602.000000 1311.000000 1848.000000 1360.000000 2341.000000 1502.000000 2457.000000 1560.000000 
		}
	}
	members={
		1516 482 483 484 485 486 487 488 489 490 491 492 493 494 495 496 497 498 499 500 501 502 741 830 831 926 927 928 1881 3057 2658 2659 2654 2655 2656 2805 2939 2809 2808 2807 2536 2535 2534 4609 4610 4611 4612 4615 4616 4618 4619 4620 4621 4622 4623 4624 4625 4626 3254 3255 
	}
}
chesapeake_bay={
	location=1500
	color={
		193 26 14 
	}
	outgoing={
		name="st_lawrence"
		path={
			965 963 969 4705 986 1490 
		}
		control={
			1578.000000 1693.000000 1713.000000 1766.000000 1648.000000 1817.000000 
		}
	}
	outgoing={
		name="english_channel"
		path={
			1570 1572 1582 1568 1564 1563 
		}
		control={
			1684.000000 1631.000000 2204.000000 1780.000000 2544.000000 1833.000000 2637.000000 1852.000000 
		}
	}
	members={
		1500 481 929 930 931 932 933 935 936 937 938 949 950 952 953 955 956 957 962 965 966 967 968 969 2562 2010 2011 2565 2023 2527 2539 2537 2538 2540 2541 2542 2543 2546 2545 2544 2547 2548 2549 2550 2556 2557 2553 2554 2639 2558 2560 2561 2563 2564 970 2013 4871 4873 4874 4876 4877 4878 4879 4880 4881 4882 
	}
}
james_bay={
	location=1486
	outgoing={
		name="st_lawrence"
		path={
			1000 1002 992 993 990 994 1490 
		}
		control={
			1390.000000 1877.000000 1421.000000 1842.000000 1398.000000 1790.000000 1439.000000 1756.000000 1475.000000 1758.000000 1499.000000 1775.000000 1531.000000 1788.000000 1567.000000 1822.000000 
		}
	}
	members={
		1486 997 998 999 1000 1002 1003 1004 1005 1006 1008 1009 1010 1011 1104 1105 1804 1805 1806 1807 1811 1812 2595 2005 2601 3042 3043 2004 1813 2018 2017 2574 2575 2579 2580 2581 2588 2589 2590 2591 999 2592 2594 2596 2598 2597 2599 2600 2602 2603 3099 3108 3109 3110 3111 3262 4919 4920 4926 4927 
	}
}
st_lawrence={
	location=1490
	color={
		193 192 14 
	}
	outgoing={
		name="north_sea"
		path={
			1493 1496 1497 1498 1478 1476 1282 1975 
		}
		control={
			1676.000000 1820.000000 1777.000000 1882.000000 1961.000000 1923.000000 2369.689941 2001.680054 2583.000000 2035.000000 
		}
	}
	outgoing={
		name="bordeaux"
		path={
			1491 1494 1495 1565 1564 1479 1563 
		}
		control={
			1675.000000 1807.000000 1791.000000 1769.000000 2134.000000 1742.000000 2483.000000 1764.000000 
		}
	}
	members={
		1490 961 963 964 971 980 981 982 983 984 985 986 990 992 993 994 995 996 2012 2559 2566 2567 2568 2569 2570 2571 2572 2582 2583 2584 2577 2576 2578 2573 4890 4891 4892 4893 4894 4895 4896 4897 4912 
	}
}
white_sea={
	location=1652
	color={
		210 46 28 
	}
	outgoing={
		name="north_sea"
		path={
			1263 1264 1265 1929 1266 1975 
		}
		control={
			3288.000000 2211.000000 3122.000000 2288.000000 2937.000000 2284.000000 2811.000000 2205.000000 2686.000000 2081.000000 
		}
	}
	members={
		1652 315 1777 1963 2425 1072 1077 1755 1780 1963 1964 4129 4152 1955 4122 4256 4257 313 1776 1958 4258 314 4262 4263 32 309 4124 
	}
}
north_sea={
	location=1975
	color={
		117 165 188 
	}
	outgoing={
		name="english_channel"
		path={
			1270 236 
		}
		control={
			2671.000000 1913.000000 
		}
	}
	outgoing={
		name="lubeck"
		path={
			1266 1267 1259 1258 1925 45 
		}
		control={
			2757.000000 1986.000000 2806.000000 1998.000000 2813.000000 1971.000000 2805.000000 1954.000000 2809.000000 1942.000000 2804.000000 1931.000000 
		}
	}
	members={
		1975 1266 1280 1281 1282 1929 248 249 251 246 247 4361 4362 253 4364 4365 250 252 369 4110 4363 375 376 4119 373 374 4120 4379 372 3046 4121 4380 4118 4377 4378 10 20 21 1978 1979 370 371 23 24 2752 4145 
	}
}
lubeck={
	location=45
	color={
		190 70 70 
	}
	outgoing={
		name="english_channel"
		path={
			1857 44 1268 1269 1744 
		}
		control={
			2790.000000 1913.000000 2753.000000 1922.000000 2711.000000 1910.000000 
		}
	}
	members={
		6 12 13 14 15 16 17 22 26 44 45 46 47 48 53 54 55 1775 1857 1874 1858 1981 1982 1983 1984 7 2994 2995 2996 4786 4141 4142 4143 4144 4149 4163 4164 4165 4749 4745 4746 4771 4772 3008 
	}
}
bordeaux={
	location=1276
	color={
		36 132 247 
	}
	outgoing={
		name="champagne"
		path={
			1275 172 178 184 185 
		}
		control={
			2630.000000 1782.000000 2664.000000 1799.000000 2674.000000 1816.000000 
		}
	}
	members={
		1276 190 195 199 169 170 171 172 4384 194 198 4112 180 4111 4386 4387 173 209 210 174 175 176 177 178 2989 4694 4697 4777 4389 
	}
}
champagne={
	location=186
	color={
		193 26 14 
	}
	inland=yes
	outgoing={
		name="genua"
		path={
			187 193 203 204 201 1297 
		}
		control={
			2720.000000 1796.000000 2711.000000 1782.000000 2710.000000 1757.000000 2708.000000 1731.000000 2703.000000 1714.000000 2736.000000 1708.000000 
		}
	}
	outgoing={
		name="english_channel"
		path={
			181 1866 92 1744 1269 
		}
		control={
			2704.000000 1845.000000 2705.000000 1864.000000 2686.000000 1869.000000 
		}
	}
	members={
		179 182 183 184 185 4388 181 186 4390 187 188 189 165 1867 1871 91 93 94 1866 2974 191 192 193 1877 4392 203 204 205 3004 4719 4720 4721 4764 4766 4776 
	}
}
sevilla={
	location=1293
	color={
		57 160 101 
	}
	outgoing={
		name="valencia"
		path={
			223 222 221 1295 
		}
		control={
			2562.000000 1591.000000 2620.000000 1602.000000 
		}
	}
	members={
		206 207 208 1746 215 216 231 232 1293 217 218 219 221 222 223 224 225 226 227 228 229 230 334 367 1745 1747 1748 1749 1751 1851 2754 2755 2751 4787 4788 4789 4150 4546 4547 4548 4551 4552 4553 4554 4555 4556 4558 4561 4563 368 366 4565 
	}
}
valencia={
	location=1295
	color={
		87 70 168 
	}
	outgoing={
		name="genua"
		path={
			213 1296 1297 
		}
		control={
			2688.000000 1670.000000 2721.000000 1691.000000 2751.000000 1704.000000 
		}
	}
	members={
		1295 196 197 200 211 212 213 214 220 333 1750 2753 2990 2988 2987 4695 4391 4549 4550 4557 4559 4560 
	}
}
english_channel={
	location=1269
	color={
		220 138 57 
	}
	members={
		1269 1269 1270 1271 167 168 1879 4385 87 88 89 1743 241 242 3212 4785 4366 4369 245 4367 4368 239 240 244 4372 4375 243 1860 1861 4370 4376 233 234 4130 4373 4374 235 236 237 238 4371 92 95 98 99 2974 96 97 4383 100 1931 4381 4382 90 1744 1865 1742 4769 4770 
	}
	end=yes
}
genua={
	location=1298
	color={
		218 215 56 
	}
	members={
		1297 124 125 126 2982 115 116 117 2978 2980 123 1934 2984 101 102 2992 103 1875 2979 2981 127 1247 2986 201 202 2991 118 2976 121 2983 104 1862 4696 4727 4728 4731 4732 4734 4735 4736 4737 4740 1298 
	}
	end=yes
}
venice={
	location=1308
	color={
		54 167 156 
	}
	members={
		1308 105 106 107 108 109 111 112 113 114 119 120 122 129 130 1769 1774 1933 2977 2985 4729 4730 4733 4738 4739 4751 3141 
	}
	end=yes
}
